  5000.00   0.0000000000   0.0000000000   0.0000000000   0.0000000000
  5034.21   0.0000000000   0.0000000000   0.0000000000   0.0000000000
  5068.43   0.0000000000   0.0000000000   0.0000000000   0.0000000000
  5102.64   0.0000000000   0.0000000000   0.0000000000   0.0000000000
  5136.85   0.0000000000   0.0000000000   0.0000000000   0.0000000000
  5171.07   0.0000000000   0.0000000000   0.0000000000   0.0000000000
  5205.28   0.0000000000   0.0000000000   0.0000000000   0.0000000000
  5239.49   0.0000000000   0.0000000000   0.0000000000   0.0000000000
  5273.70   0.0000000000   0.0000000000   0.0000000000   0.0000000000
  5307.92   0.0000000000   0.0000000000   0.0000000000   0.0000000000
  5342.13   0.0000000000   0.0000000000   0.0000000000   0.0000000000
  5376.34   0.0000000000   0.0000000000   0.0000000000   0.0000000000
  5410.56   0.0000000023   0.0000000023   0.0000000000   0.0000000000
  5444.77   0.0000000031   0.0000000031   0.0000000000   0.0000000000
  5478.98   0.0000000042   0.0000000042   0.0000000000   0.0000000000
  5513.20   0.0000000056   0.0000000056   0.0000000000   0.0000000000
  5547.41   0.0000000076   0.0000000075   0.0000000000   0.0000000000
  5581.62   0.0000000101   0.0000000100   0.0000000000   0.0000000000
  5615.84   0.0000000134   0.0000000134   0.0000000000   0.0000000001
  5650.05   0.0000000178   0.0000000178   0.0000000000   0.0000000001
  5684.26   0.0000000236   0.0000000235   0.0000000000   0.0000000001
  5718.48   0.0000000312   0.0000000311   0.0000000000   0.0000000001
  5752.69   0.0000000411   0.0000000409   0.0000000000   0.0000000002
  5786.90   0.0000000539   0.0000000537   0.0000000000   0.0000000002
  5821.11   0.0000000706   0.0000000703   0.0000000000   0.0000000003
  5855.33   0.0000000921   0.0000000917   0.0000000000   0.0000000003
  5889.54   0.0000001198   0.0000001193   0.0000000001   0.0000000005
  5923.75   0.0000001555   0.0000001548   0.0000000001   0.0000000006
  5957.97   0.0000002012   0.0000002003   0.0000000001   0.0000000008
  5992.18   0.0000002596   0.0000002585   0.0000000001   0.0000000010
  6026.39   0.0000003339   0.0000003325   0.0000000002   0.0000000013
  6060.61   0.0000004283   0.0000004265   0.0000000002   0.0000000016
  6094.82   0.0000005478   0.0000005455   0.0000000003   0.0000000021
  6129.03   0.0000006986   0.0000006957   0.0000000003   0.0000000026
  6163.25   0.0000008884   0.0000008846   0.0000000004   0.0000000033
  6197.46   0.0000011265   0.0000011217   0.0000000005   0.0000000042
  6231.67   0.0000014243   0.0000014182   0.0000000007   0.0000000054
  6265.88   0.0000017955   0.0000017880   0.0000000008   0.0000000068
  6300.10   0.0000022571   0.0000022476   0.0000000010   0.0000000085
  6334.31   0.0000028292   0.0000028172   0.0000000013   0.0000000106
  6368.52   0.0000035360   0.0000035211   0.0000000016   0.0000000133
  6402.74   0.0000044066   0.0000043881   0.0000000020   0.0000000165
  6436.95   0.0000054759   0.0000054528   0.0000000025   0.0000000205
  6471.16   0.0000067849   0.0000067564   0.0000000031   0.0000000254
  6505.38   0.0000083827   0.0000083475   0.0000000038   0.0000000314
  6539.59   0.0000103269   0.0000102836   0.0000000047   0.0000000386
  6573.80   0.0000126854   0.0000126322   0.0000000058   0.0000000474
  6608.02   0.0000155376   0.0000154725   0.0000000071   0.0000000581
  6642.23   0.0000189764   0.0000188969   0.0000000086   0.0000000709
  6676.44   0.0000231094   0.0000230126   0.0000000105   0.0000000862
  6710.65   0.0000280615   0.0000279441   0.0000000127   0.0000001046
  6744.87   0.0000339766   0.0000338346   0.0000000154   0.0000001266
  6779.08   0.0000410201   0.0000408487   0.0000000186   0.0000001528
  6813.29   0.0000493811   0.0000491749   0.0000000223   0.0000001838
  6847.51   0.0000592750   0.0000590277   0.0000000268   0.0000002204
  6881.72   0.0000709463   0.0000706505   0.0000000321   0.0000002637
  6915.93   0.0000846711   0.0000843183   0.0000000382   0.0000003144
  6950.15   0.0001007599   0.0001003404   0.0000000455   0.0000003739
  6984.36   0.0001195604   0.0001190630   0.0000000539   0.0000004434
  7018.57   0.0001414602   0.0001408720   0.0000000638   0.0000005243
  7052.79   0.0001668891   0.0001661957   0.0000000752   0.0000006181
  7087.00   0.0001963221   0.0001955069   0.0000000884   0.0000007266
  7121.21   0.0002302806   0.0002293251   0.0000001036   0.0000008517
  7155.43   0.0002693349   0.0002682182   0.0000001211   0.0000009954
  7189.64   0.0003141052   0.0003128037   0.0000001411   0.0000011601
  7223.85   0.0003652623   0.0003637498   0.0000001639   0.0000013481
  7258.06   0.0004235275   0.0004217750   0.0000001900   0.0000015621
  7292.28   0.0004896723   0.0004876476   0.0000002195   0.0000018048
  7326.49   0.0005645165   0.0005621839   0.0000002529   0.0000020792
  7360.70   0.0006489256   0.0006462460   0.0000002905   0.0000023885
  7394.92   0.0007438071   0.0007407378   0.0000003327   0.0000027358
  7429.13   0.0008501056   0.0008466001   0.0000003800   0.0000031246
  7463.34   0.0009687965   0.0009648043   0.0000004327   0.0000035584
  7497.56   0.0011008785   0.0010963452   0.0000004914   0.0000040408
  7531.77   0.0012473646   0.0012422316   0.0000005564   0.0000045753
  7565.98   0.0014092711   0.0014034758   0.0000006282   0.0000051657
  7600.20   0.0015876064   0.0015810823   0.0000007072   0.0000058154
  7634.41   0.0017833570   0.0017760335   0.0000007938   0.0000065279
  7668.62   0.0019974729   0.0019892757   0.0000008885   0.0000073066
  7702.83   0.0022308513   0.0022217027   0.0000009916   0.0000081547
  7737.05   0.0024843199   0.0024741389   0.0000011035   0.0000090750
  7771.26   0.0027586180   0.0027473206   0.0000012245   0.0000100701
  7805.47   0.0030543779   0.0030418778   0.0000013549   0.0000111421
  7839.69   0.0033721051   0.0033583143   0.0000014948   0.0000122927
  7873.90   0.0037121592   0.0036969881   0.0000016444   0.0000135230
  7908.11   0.0040747338   0.0040580923   0.0000018038   0.0000148336
  7942.33   0.0044598375   0.0044416357   0.0000019729   0.0000162244
  7976.54   0.0048672760   0.0048474250   0.0000021516   0.0000176945
  8010.75   0.0052966352   0.0052750479   0.0000023398   0.0000192422
  8044.97   0.0057472661   0.0057238582   0.0000025371   0.0000208649
  8079.18   0.0062182717   0.0061929629   0.0000027431   0.0000225594
  8113.39   0.0067084970   0.0066812117   0.0000029573   0.0000243212
  8147.61   0.0072165216   0.0071871902   0.0000031791   0.0000261450
  8181.82   0.0077406558   0.0077092156   0.0000034076   0.0000280247
  8216.03   0.0082789401   0.0082453367   0.0000036421   0.0000299530
  8250.24   0.0088291497   0.0087933376   0.0000038814   0.0000319217
  8284.46   0.0093888017   0.0093507457   0.0000041246   0.0000339219
  8318.67   0.0099551682   0.0099148442   0.0000043704   0.0000359435
  8352.88   0.0105252928   0.0104826887   0.0000046175   0.0000379759
  8387.10   0.0110960120   0.0110511286   0.0000048645   0.0000400076
  8421.31   0.0116639810   0.0116168325   0.0000051100   0.0000420267
  8455.52   0.0122257028   0.0121763176   0.0000053524   0.0000440204
  8489.74   0.0127775626   0.0127259836   0.0000055901   0.0000459759
  8523.95   0.0133158639   0.0132621488   0.0000058216   0.0000478800
  8558.16   0.0138368690   0.0137810905   0.0000060452   0.0000497193
  8592.38   0.0143368407   0.0142790864   0.0000062593   0.0000514805
  8626.59   0.0148120866   0.0147524586   0.0000064623   0.0000531506
  8660.80   0.0152590034   0.0151976185   0.0000066527   0.0000547168
  8695.01   0.0156741230   0.0156111113   0.0000068290   0.0000561668
  8729.23   0.0160541560   0.0159896607   0.0000069897   0.0000574892
  8763.44   0.0163960357   0.0163302122   0.0000071336   0.0000586733
  8797.65   0.0166969591   0.0166299734   0.0000072595   0.0000597092
  8831.87   0.0169544248   0.0168864527   0.0000073664   0.0000605884
  8866.08   0.0171662679   0.0170974937   0.0000074533   0.0000613034
  8900.29   0.0173306903   0.0172613049   0.0000075195   0.0000618482
  8934.51   0.0174462859   0.0173764856   0.0000075644   0.0000622181
  8968.72   0.0175120609   0.0174420455   0.0000075877   0.0000624099
  9002.93   0.0175274479   0.0174574189   0.0000075891   0.0000624220
  9037.15   0.0174923137   0.0174224729   0.0000075687   0.0000622543
  9071.36   0.0174069619   0.0173375095   0.0000075265   0.0000619081
  9105.57   0.0172721281   0.0172032609   0.0000074631   0.0000613865
  9139.78   0.0170889694   0.0170208791   0.0000073789   0.0000606940
  9174.00   0.0168590479   0.0167919197   0.0000072746   0.0000598364
  9208.21   0.0165843083   0.0165183193   0.0000071511   0.0000588211
  9242.42   0.0162670512   0.0162023688   0.0000070094   0.0000576564
  9276.64   0.0159099001   0.0158466811   0.0000068508   0.0000563519
  9310.85   0.0155157660   0.0154541553   0.0000066765   0.0000549183
  9345.06   0.0150878076   0.0150279373   0.0000064879   0.0000533670
  9379.28   0.0146293896   0.0145713781   0.0000062864   0.0000517102
  9413.49   0.0141440383   0.0140879897   0.0000060737   0.0000499604
  9447.70   0.0136353971   0.0135814011   0.0000058512   0.0000481309
  9481.92   0.0131071812   0.0130553125   0.0000056207   0.0000462347
  9516.13   0.0125631333   0.0125134515   0.0000053837   0.0000442853
  9550.34   0.0120069799   0.0119595299   0.0000051418   0.0000422959
  9584.56   0.0114423900   0.0113972021   0.0000048966   0.0000402796
  9618.77   0.0108729367   0.0108300271   0.0000046497   0.0000382488
  9652.98   0.0103020611   0.0102614322   0.0000044026   0.0000362158
  9687.19   0.0097330406   0.0096946820   0.0000041565   0.0000341921
  9721.41   0.0091689604   0.0091328496   0.0000039129   0.0000321885
  9755.62   0.0086126898   0.0085787930   0.0000036730   0.0000302150
  9789.83   0.0080668627   0.0080351358   0.0000034379   0.0000282808
  9824.05   0.0075338623   0.0075042519   0.0000032085   0.0000263942
  9858.26   0.0070158103   0.0069882548   0.0000029858   0.0000245624
  9892.47   0.0065145608   0.0064889916   0.0000027706   0.0000227920
  9926.69   0.0060316982   0.0060080403   0.0000025635   0.0000210882
  9960.90   0.0055685383   0.0055467120   0.0000023650   0.0000194556
  9995.11   0.0051261341   0.0051060556   0.0000021756   0.0000178977
 10029.33   0.0047052843   0.0046868668   0.0000019956   0.0000164171
 10063.54   0.0043065444   0.0042896991   0.0000018252   0.0000150156
 10097.75   0.0039302405   0.0039148777   0.0000016646   0.0000136942
 10131.96   0.0035764856   0.0035625151   0.0000015137   0.0000124531
 10166.18   0.0032451964   0.0032325287   0.0000013726   0.0000112919
 10200.39   0.0029361122   0.0029246587   0.0000012410   0.0000102094
 10234.60   0.0026488139   0.0026384882   0.0000011188   0.0000092041
 10268.82   0.0023827441   0.0023734619   0.0000010057   0.0000082739
 10303.03   0.0021372262   0.0021289062   0.0000009015   0.0000074163
 10337.24   0.0019114844   0.0019040482   0.0000008057   0.0000066285
 10371.46   0.0017046615   0.0016980345   0.0000007180   0.0000059072
 10405.67   0.0015158377   0.0015099487   0.0000006381   0.0000052493
 10439.88   0.0013440468   0.0013388288   0.0000005654   0.0000046512
 10474.10   0.0011882922   0.0011836821   0.0000004995   0.0000041094
 10508.31   0.0010475608   0.0010434994   0.0000004400   0.0000036203
 10542.52   0.0009208362   0.0009172686   0.0000003865   0.0000031802
 10576.74   0.0008071099   0.0008039850   0.0000003386   0.0000027855
 10610.95   0.0007053913   0.0007026621   0.0000002957   0.0000024328
 10645.16   0.0006147163   0.0006123395   0.0000002575   0.0000021186
 10679.37   0.0005341540   0.0005320901   0.0000002236   0.0000018397
 10713.59   0.0004628128   0.0004610258   0.0000001936   0.0000015929
 10747.80   0.0003998448   0.0003983019   0.0000001672   0.0000013752
 10782.01   0.0003444487   0.0003431206   0.0000001439   0.0000011839
 10816.23   0.0002958727   0.0002947327   0.0000001235   0.0000010163
 10850.44   0.0002534151   0.0002524393   0.0000001057   0.0000008698
 10884.65   0.0002164248   0.0002155920   0.0000000902   0.0000007424
 10918.87   0.0001843015   0.0001835928   0.0000000768   0.0000006317
 10953.08   0.0001564940   0.0001558927   0.0000000652   0.0000005361
 10987.29   0.0001324994   0.0001319906   0.0000000551   0.0000004536
 11021.51   0.0001118606   0.0001114313   0.0000000465   0.0000003826
 11055.72   0.0000941646   0.0000938035   0.0000000391   0.0000003219
 11089.93   0.0000790397   0.0000787368   0.0000000328   0.0000002700
 11124.14   0.0000661530   0.0000658997   0.0000000274   0.0000002258
 11158.36   0.0000552079   0.0000549967   0.0000000229   0.0000001883
 11192.57   0.0000459410   0.0000457653   0.0000000190   0.0000001566
 11226.78   0.0000381195   0.0000379738   0.0000000158   0.0000001299
 11261.00   0.0000315384   0.0000314180   0.0000000130   0.0000001074
 11295.21   0.0000260184   0.0000259191   0.0000000108   0.0000000885
 11329.42   0.0000214027   0.0000213210   0.0000000088   0.0000000728
 11363.64   0.0000175551   0.0000174882   0.0000000072   0.0000000596
 11397.85   0.0000143577   0.0000143030   0.0000000059   0.0000000487
 11432.06   0.0000117088   0.0000116643   0.0000000048   0.0000000397
 11466.28   0.0000095212   0.0000094849   0.0000000039   0.0000000323
 11500.49   0.0000077199   0.0000076906   0.0000000032   0.0000000262
 11534.70   0.0000062414   0.0000062177   0.0000000026   0.0000000211
 11568.91   0.0000050315   0.0000050124   0.0000000021   0.0000000170
 11603.13   0.0000040445   0.0000040292   0.0000000017   0.0000000137
 11637.34   0.0000032417   0.0000032294   0.0000000013   0.0000000110
 11671.55   0.0000025908   0.0000025810   0.0000000011   0.0000000087
 11705.77   0.0000020646   0.0000020568   0.0000000008   0.0000000070
 11739.98   0.0000016406   0.0000016344   0.0000000007   0.0000000055
 11774.19   0.0000012999   0.0000012949   0.0000000005   0.0000000044
 11808.41   0.0000010269   0.0000010231   0.0000000004   0.0000000035
 11842.62   0.0000008090   0.0000008059   0.0000000003   0.0000000027
 11876.83   0.0000006355   0.0000006331   0.0000000003   0.0000000021
 11911.05   0.0000004977   0.0000004958   0.0000000002   0.0000000017
 11945.26   0.0000003887   0.0000003872   0.0000000002   0.0000000013
 11979.47   0.0000003027   0.0000003015   0.0000000001   0.0000000010
 12013.69   0.0000002350   0.0000002341   0.0000000001   0.0000000008
 12047.90   0.0000001820   0.0000001813   0.0000000001   0.0000000006
 12082.11   0.0000001405   0.0000001400   0.0000000001   0.0000000005
 12116.32   0.0000001081   0.0000001077   0.0000000000   0.0000000004
 12150.54   0.0000000830   0.0000000827   0.0000000000   0.0000000003
 12184.75   0.0000000635   0.0000000633   0.0000000000   0.0000000002
 12218.96   0.0000000485   0.0000000483   0.0000000000   0.0000000002
 12253.18   0.0000000369   0.0000000368   0.0000000000   0.0000000001
 12287.39   0.0000000280   0.0000000279   0.0000000000   0.0000000001
 12321.60   0.0000000212   0.0000000211   0.0000000000   0.0000000001
 12355.82   0.0000000160   0.0000000159   0.0000000000   0.0000000001
 12390.03   0.0000000120   0.0000000120   0.0000000000   0.0000000000
 12424.24   0.0000000090   0.0000000090   0.0000000000   0.0000000000
 12458.46   0.0000000067   0.0000000067   0.0000000000   0.0000000000
 12492.67   0.0000000050   0.0000000050   0.0000000000   0.0000000000
 12526.88   0.0000000037   0.0000000037   0.0000000000   0.0000000000
 12561.09   0.0000000028   0.0000000028   0.0000000000   0.0000000000
 12595.31   0.0000000020   0.0000000020   0.0000000000   0.0000000000
 12629.52   0.0000000000   0.0000000000   0.0000000000   0.0000000000
 12663.73   0.0000000000   0.0000000000   0.0000000000   0.0000000000
 12697.95   0.0000000000   0.0000000000   0.0000000000   0.0000000000
 12732.16   0.0000000000   0.0000000000   0.0000000000   0.0000000000
 12766.37   0.0000000000   0.0000000000   0.0000000000   0.0000000000
 12800.59   0.0000000000   0.0000000000   0.0000000000   0.0000000000
 12834.80   0.0000000000   0.0000000000   0.0000000000   0.0000000000
 12869.01   0.0000000000   0.0000000000   0.0000000000   0.0000000000
 12903.23   0.0000000000   0.0000000000   0.0000000000   0.0000000000
 12937.44   0.0000000000   0.0000000000   0.0000000000   0.0000000000
 12971.65   0.0000000000   0.0000000000   0.0000000000   0.0000000000
 13005.87   0.0000000000   0.0000000000   0.0000000000   0.0000000000
 13040.08   0.0000000000   0.0000000000   0.0000000000   0.0000000000
 13074.29   0.0000000000   0.0000000000   0.0000000000   0.0000000000
 13108.50   0.0000000000   0.0000000000   0.0000000000   0.0000000000
 13142.72   0.0000000000   0.0000000000   0.0000000000   0.0000000000
 13176.93   0.0000000000   0.0000000000   0.0000000000   0.0000000000
 13211.14   0.0000000000   0.0000000000   0.0000000000   0.0000000000
 13245.36   0.0000000000   0.0000000000   0.0000000000   0.0000000000
 13279.57   0.0000000000   0.0000000000   0.0000000000   0.0000000000
 13313.78   0.0000000000   0.0000000000   0.0000000000   0.0000000000
 13348.00   0.0000000000   0.0000000000   0.0000000000   0.0000000000
 13382.21   0.0000000000   0.0000000000   0.0000000000   0.0000000000
 13416.42   0.0000000000   0.0000000000   0.0000000000   0.0000000000
 13450.64   0.0000000000   0.0000000000   0.0000000000   0.0000000000
 13484.85   0.0000000000   0.0000000000   0.0000000000   0.0000000000
 13519.06   0.0000000000   0.0000000000   0.0000000000   0.0000000000
 13553.27   0.0000000000   0.0000000000   0.0000000000   0.0000000000
 13587.49   0.0000000000   0.0000000000   0.0000000000   0.0000000000
 13621.70   0.0000000000   0.0000000000   0.0000000000   0.0000000000
 13655.91   0.0000000000   0.0000000000   0.0000000000   0.0000000000
 13690.13   0.0000000000   0.0000000000   0.0000000000   0.0000000000
 13724.34   0.0000000000   0.0000000000   0.0000000000   0.0000000000
 13758.55   0.0000000000   0.0000000000   0.0000000000   0.0000000000
 13792.77   0.0000000000   0.0000000000   0.0000000000   0.0000000000
 13826.98   0.0000000000   0.0000000000   0.0000000000   0.0000000000
 13861.19   0.0000000000   0.0000000000   0.0000000000   0.0000000000
 13895.41   0.0000000000   0.0000000000   0.0000000000   0.0000000000
 13929.62   0.0000000000   0.0000000000   0.0000000000   0.0000000000
 13963.83   0.0000000000   0.0000000000   0.0000000000   0.0000000000
 13998.04   0.0000000000   0.0000000000   0.0000000000   0.0000000000
 14032.26   0.0000000000   0.0000000000   0.0000000000   0.0000000000
 14066.47   0.0000000000   0.0000000000   0.0000000000   0.0000000000
 14100.68   0.0000000000   0.0000000000   0.0000000000   0.0000000000
 14134.90   0.0000000000   0.0000000000   0.0000000000   0.0000000000
 14169.11   0.0000000000   0.0000000000   0.0000000000   0.0000000000
 14203.32   0.0000000000   0.0000000000   0.0000000000   0.0000000000
 14237.54   0.0000000000   0.0000000000   0.0000000000   0.0000000000
 14271.75   0.0000000000   0.0000000000   0.0000000000   0.0000000000
 14305.96   0.0000000000   0.0000000000   0.0000000000   0.0000000000
 14340.18   0.0000000000   0.0000000000   0.0000000000   0.0000000000
 14374.39   0.0000000000   0.0000000000   0.0000000000   0.0000000000
 14408.60   0.0000000000   0.0000000000   0.0000000000   0.0000000000
 14442.82   0.0000000000   0.0000000000   0.0000000000   0.0000000000
 14477.03   0.0000000000   0.0000000000   0.0000000000   0.0000000000
 14511.24   0.0000000000   0.0000000000   0.0000000000   0.0000000000
 14545.45   0.0000000000   0.0000000000   0.0000000000   0.0000000000
 14579.67   0.0000000000   0.0000000000   0.0000000000   0.0000000000
 14613.88   0.0000000000   0.0000000000   0.0000000000   0.0000000000
 14648.09   0.0000000000   0.0000000000   0.0000000000   0.0000000000
 14682.31   0.0000000000   0.0000000000   0.0000000000   0.0000000000
 14716.52   0.0000000000   0.0000000000   0.0000000000   0.0000000000
 14750.73   0.0000000000   0.0000000000   0.0000000000   0.0000000000
 14784.95   0.0000000000   0.0000000000   0.0000000000   0.0000000000
 14819.16   0.0000000000   0.0000000000   0.0000000000   0.0000000000
 14853.37   0.0000000000   0.0000000000   0.0000000000   0.0000000000
 14887.59   0.0000000000   0.0000000000   0.0000000000   0.0000000000
 14921.80   0.0000000000   0.0000000000   0.0000000000   0.0000000000
 14956.01   0.0000000000   0.0000000000   0.0000000000   0.0000000000
 14990.22   0.0000000000   0.0000000000   0.0000000000   0.0000000000
 15024.44   0.0000000000   0.0000000000   0.0000000000   0.0000000000
 15058.65   0.0000000000   0.0000000000   0.0000000000   0.0000000000
 15092.86   0.0000000000   0.0000000000   0.0000000000   0.0000000000
 15127.08   0.0000000000   0.0000000000   0.0000000000   0.0000000000
 15161.29   0.0000000000   0.0000000000   0.0000000000   0.0000000000
 15195.50   0.0000000000   0.0000000000   0.0000000000   0.0000000000
 15229.72   0.0000000000   0.0000000000   0.0000000000   0.0000000000
 15263.93   0.0000000000   0.0000000000   0.0000000000   0.0000000000
 15298.14   0.0000000000   0.0000000000   0.0000000000   0.0000000000
 15332.36   0.0000000000   0.0000000000   0.0000000000   0.0000000000
 15366.57   0.0000000000   0.0000000000   0.0000000000   0.0000000000
 15400.78   0.0000000000   0.0000000000   0.0000000000   0.0000000000
 15435.00   0.0000000000   0.0000000000   0.0000000000   0.0000000000
 15469.21   0.0000000000   0.0000000000   0.0000000000   0.0000000000
 15503.42   0.0000000000   0.0000000000   0.0000000000   0.0000000000
 15537.63   0.0000000000   0.0000000000   0.0000000000   0.0000000000
 15571.85   0.0000000000   0.0000000000   0.0000000000   0.0000000000
 15606.06   0.0000000000   0.0000000000   0.0000000000   0.0000000000
 15640.27   0.0000000000   0.0000000000   0.0000000000   0.0000000000
 15674.49   0.0000000000   0.0000000000   0.0000000000   0.0000000000
 15708.70   0.0000000000   0.0000000000   0.0000000000   0.0000000000
 15742.91   0.0000000000   0.0000000000   0.0000000000   0.0000000000
 15777.13   0.0000000000   0.0000000000   0.0000000000   0.0000000000
 15811.34   0.0000000000   0.0000000000   0.0000000000   0.0000000000
 15845.55   0.0000000000   0.0000000000   0.0000000000   0.0000000000
 15879.77   0.0000000000   0.0000000000   0.0000000000   0.0000000000
 15913.98   0.0000000000   0.0000000000   0.0000000000   0.0000000000
 15948.19   0.0000000000   0.0000000000   0.0000000000   0.0000000000
 15982.40   0.0000000000   0.0000000000   0.0000000000   0.0000000000
 16016.62   0.0000000000   0.0000000000   0.0000000000   0.0000000000
 16050.83   0.0000000000   0.0000000000   0.0000000000   0.0000000000
 16085.04   0.0000000000   0.0000000000   0.0000000000   0.0000000000
 16119.26   0.0000000000   0.0000000000   0.0000000000   0.0000000000
 16153.47   0.0000000000   0.0000000000   0.0000000000   0.0000000000
 16187.68   0.0000000000   0.0000000000   0.0000000000   0.0000000000
 16221.90   0.0000000000   0.0000000000   0.0000000000   0.0000000000
 16256.11   0.0000000000   0.0000000000   0.0000000000   0.0000000000
 16290.32   0.0000000000   0.0000000000   0.0000000000   0.0000000000
 16324.54   0.0000000000   0.0000000000   0.0000000000   0.0000000000
 16358.75   0.0000000000   0.0000000000   0.0000000000   0.0000000000
 16392.96   0.0000000000   0.0000000000   0.0000000000   0.0000000000
 16427.17   0.0000000000   0.0000000000   0.0000000000   0.0000000000
 16461.39   0.0000000000   0.0000000000   0.0000000000   0.0000000000
 16495.60   0.0000000000   0.0000000000   0.0000000000   0.0000000000
 16529.81   0.0000000000   0.0000000000   0.0000000000   0.0000000000
 16564.03   0.0000000000   0.0000000000   0.0000000000   0.0000000000
 16598.24   0.0000000000   0.0000000000   0.0000000000   0.0000000000
 16632.45   0.0000000000   0.0000000000   0.0000000000   0.0000000000
 16666.67   0.0000000000   0.0000000000   0.0000000000   0.0000000000
 16700.88   0.0000000000   0.0000000000   0.0000000000   0.0000000000
 16735.09   0.0000000000   0.0000000000   0.0000000000   0.0000000000
 16769.31   0.0000000000   0.0000000000   0.0000000000   0.0000000000
 16803.52   0.0000000000   0.0000000000   0.0000000000   0.0000000000
 16837.73   0.0000000000   0.0000000000   0.0000000000   0.0000000000
 16871.95   0.0000000000   0.0000000000   0.0000000000   0.0000000000
 16906.16   0.0000000000   0.0000000000   0.0000000000   0.0000000000
 16940.37   0.0000000000   0.0000000000   0.0000000000   0.0000000000
 16974.58   0.0000000000   0.0000000000   0.0000000000   0.0000000000
 17008.80   0.0000000000   0.0000000000   0.0000000000   0.0000000000
 17043.01   0.0000000000   0.0000000000   0.0000000000   0.0000000000
 17077.22   0.0000000000   0.0000000000   0.0000000000   0.0000000000
 17111.44   0.0000000000   0.0000000000   0.0000000000   0.0000000000
 17145.65   0.0000000000   0.0000000000   0.0000000000   0.0000000000
 17179.86   0.0000000000   0.0000000000   0.0000000000   0.0000000000
 17214.08   0.0000000000   0.0000000000   0.0000000000   0.0000000000
 17248.29   0.0000000000   0.0000000000   0.0000000000   0.0000000000
 17282.50   0.0000000000   0.0000000000   0.0000000000   0.0000000000
 17316.72   0.0000000000   0.0000000000   0.0000000000   0.0000000000
 17350.93   0.0000000000   0.0000000000   0.0000000000   0.0000000000
 17385.14   0.0000000000   0.0000000000   0.0000000000   0.0000000000
 17419.35   0.0000000000   0.0000000000   0.0000000000   0.0000000000
 17453.57   0.0000000000   0.0000000000   0.0000000000   0.0000000000
 17487.78   0.0000000000   0.0000000000   0.0000000000   0.0000000000
 17521.99   0.0000000000   0.0000000000   0.0000000000   0.0000000000
 17556.21   0.0000000000   0.0000000000   0.0000000000   0.0000000000
 17590.42   0.0000000000   0.0000000000   0.0000000000   0.0000000000
 17624.63   0.0000000000   0.0000000000   0.0000000000   0.0000000000
 17658.85   0.0000000000   0.0000000000   0.0000000000   0.0000000000
 17693.06   0.0000000000   0.0000000000   0.0000000000   0.0000000000
 17727.27   0.0000000000   0.0000000000   0.0000000000   0.0000000000
 17761.49   0.0000000000   0.0000000000   0.0000000000   0.0000000000
 17795.70   0.0000000000   0.0000000000   0.0000000000   0.0000000000
 17829.91   0.0000000000   0.0000000000   0.0000000000   0.0000000000
 17864.13   0.0000000000   0.0000000000   0.0000000000   0.0000000000
 17898.34   0.0000000000   0.0000000000   0.0000000000   0.0000000000
 17932.55   0.0000000000   0.0000000000   0.0000000000   0.0000000000
 17966.76   0.0000000000   0.0000000000   0.0000000000   0.0000000000
 18000.98   0.0000000000   0.0000000000   0.0000000000   0.0000000000
 18035.19   0.0000000000   0.0000000000   0.0000000000   0.0000000000
 18069.40   0.0000000000   0.0000000000   0.0000000000   0.0000000000
 18103.62   0.0000000000   0.0000000000   0.0000000000   0.0000000000
 18137.83   0.0000000000   0.0000000000   0.0000000000   0.0000000000
 18172.04   0.0000000000   0.0000000000   0.0000000000   0.0000000000
 18206.26   0.0000000000   0.0000000000   0.0000000000   0.0000000000
 18240.47   0.0000000000   0.0000000000   0.0000000000   0.0000000000
 18274.68   0.0000000000   0.0000000000   0.0000000000   0.0000000000
 18308.90   0.0000000000   0.0000000000   0.0000000000   0.0000000000
 18343.11   0.0000000000   0.0000000000   0.0000000000   0.0000000000
 18377.32   0.0000000000   0.0000000000   0.0000000000   0.0000000000
 18411.53   0.0000000000   0.0000000000   0.0000000000   0.0000000000
 18445.75   0.0000000000   0.0000000000   0.0000000000   0.0000000000
 18479.96   0.0000000000   0.0000000000   0.0000000000   0.0000000000
 18514.17   0.0000000000   0.0000000000   0.0000000000   0.0000000000
 18548.39   0.0000000000   0.0000000000   0.0000000000   0.0000000000
 18582.60   0.0000000000   0.0000000000   0.0000000000   0.0000000000
 18616.81   0.0000000000   0.0000000000   0.0000000000   0.0000000000
 18651.03   0.0000000000   0.0000000000   0.0000000000   0.0000000000
 18685.24   0.0000000000   0.0000000000   0.0000000000   0.0000000000
 18719.45   0.0000000000   0.0000000000   0.0000000000   0.0000000000
 18753.67   0.0000000000   0.0000000000   0.0000000000   0.0000000000
 18787.88   0.0000000000   0.0000000000   0.0000000000   0.0000000000
 18822.09   0.0000000000   0.0000000000   0.0000000000   0.0000000000
 18856.30   0.0000000000   0.0000000000   0.0000000000   0.0000000000
 18890.52   0.0000000000   0.0000000000   0.0000000000   0.0000000000
 18924.73   0.0000000000   0.0000000000   0.0000000000   0.0000000000
 18958.94   0.0000000000   0.0000000000   0.0000000000   0.0000000000
 18993.16   0.0000000000   0.0000000000   0.0000000000   0.0000000000
 19027.37   0.0000000000   0.0000000000   0.0000000000   0.0000000000
 19061.58   0.0000000000   0.0000000000   0.0000000000   0.0000000000
 19095.80   0.0000000000   0.0000000000   0.0000000000   0.0000000000
 19130.01   0.0000000000   0.0000000000   0.0000000000   0.0000000000
 19164.22   0.0000000000   0.0000000000   0.0000000000   0.0000000000
 19198.44   0.0000000000   0.0000000000   0.0000000000   0.0000000000
 19232.65   0.0000000000   0.0000000000   0.0000000000   0.0000000000
 19266.86   0.0000000000   0.0000000000   0.0000000000   0.0000000000
 19301.08   0.0000000000   0.0000000000   0.0000000000   0.0000000000
 19335.29   0.0000000000   0.0000000000   0.0000000000   0.0000000000
 19369.50   0.0000000000   0.0000000000   0.0000000000   0.0000000000
 19403.71   0.0000000000   0.0000000000   0.0000000000   0.0000000000
 19437.93   0.0000000000   0.0000000000   0.0000000000   0.0000000000
 19472.14   0.0000000000   0.0000000000   0.0000000000   0.0000000000
 19506.35   0.0000000000   0.0000000000   0.0000000000   0.0000000000
 19540.57   0.0000000000   0.0000000000   0.0000000000   0.0000000000
 19574.78   0.0000000000   0.0000000000   0.0000000000   0.0000000000
 19608.99   0.0000000000   0.0000000000   0.0000000000   0.0000000000
 19643.21   0.0000000000   0.0000000000   0.0000000000   0.0000000000
 19677.42   0.0000000000   0.0000000000   0.0000000000   0.0000000000
 19711.63   0.0000000000   0.0000000000   0.0000000000   0.0000000000
 19745.85   0.0000000000   0.0000000000   0.0000000000   0.0000000000
 19780.06   0.0000000000   0.0000000000   0.0000000000   0.0000000000
 19814.27   0.0000000000   0.0000000000   0.0000000000   0.0000000000
 19848.48   0.0000000000   0.0000000000   0.0000000000   0.0000000000
 19882.70   0.0000000000   0.0000000000   0.0000000000   0.0000000000
 19916.91   0.0000000000   0.0000000000   0.0000000000   0.0000000000
 19951.12   0.0000000000   0.0000000000   0.0000000000   0.0000000000
 19985.34   0.0000000000   0.0000000000   0.0000000000   0.0000000000
 20019.55   0.0000000000   0.0000000000   0.0000000000   0.0000000000
 20053.76   0.0000000000   0.0000000000   0.0000000000   0.0000000000
 20087.98   0.0000000000   0.0000000000   0.0000000000   0.0000000000
 20122.19   0.0000000000   0.0000000000   0.0000000000   0.0000000000
 20156.40   0.0000000000   0.0000000000   0.0000000000   0.0000000000
 20190.62   0.0000000000   0.0000000000   0.0000000000   0.0000000000
 20224.83   0.0000000000   0.0000000000   0.0000000000   0.0000000000
 20259.04   0.0000000000   0.0000000000   0.0000000000   0.0000000000
 20293.26   0.0000000000   0.0000000000   0.0000000000   0.0000000000
 20327.47   0.0000000000   0.0000000000   0.0000000000   0.0000000000
 20361.68   0.0000000000   0.0000000000   0.0000000000   0.0000000000
 20395.89   0.0000000000   0.0000000000   0.0000000000   0.0000000000
 20430.11   0.0000000000   0.0000000000   0.0000000000   0.0000000000
 20464.32   0.0000000000   0.0000000000   0.0000000000   0.0000000000
 20498.53   0.0000000000   0.0000000000   0.0000000000   0.0000000000
 20532.75   0.0000000000   0.0000000000   0.0000000000   0.0000000000
 20566.96   0.0000000000   0.0000000000   0.0000000000   0.0000000000
 20601.17   0.0000000000   0.0000000000   0.0000000000   0.0000000000
 20635.39   0.0000000000   0.0000000000   0.0000000000   0.0000000000
 20669.60   0.0000000000   0.0000000000   0.0000000000   0.0000000000
 20703.81   0.0000000000   0.0000000000   0.0000000000   0.0000000000
 20738.03   0.0000000000   0.0000000000   0.0000000000   0.0000000000
 20772.24   0.0000000000   0.0000000000   0.0000000000   0.0000000000
 20806.45   0.0000000000   0.0000000000   0.0000000000   0.0000000000
 20840.66   0.0000000000   0.0000000000   0.0000000000   0.0000000000
 20874.88   0.0000000000   0.0000000000   0.0000000000   0.0000000000
 20909.09   0.0000000000   0.0000000000   0.0000000000   0.0000000000
 20943.30   0.0000000000   0.0000000000   0.0000000000   0.0000000000
 20977.52   0.0000000000   0.0000000000   0.0000000000   0.0000000000
 21011.73   0.0000000000   0.0000000000   0.0000000000   0.0000000000
 21045.94   0.0000000000   0.0000000000   0.0000000000   0.0000000000
 21080.16   0.0000000000   0.0000000000   0.0000000000   0.0000000000
 21114.37   0.0000000000   0.0000000000   0.0000000000   0.0000000000
 21148.58   0.0000000000   0.0000000000   0.0000000000   0.0000000000
 21182.80   0.0000000000   0.0000000000   0.0000000000   0.0000000000
 21217.01   0.0000000000   0.0000000000   0.0000000000   0.0000000000
 21251.22   0.0000000000   0.0000000000   0.0000000000   0.0000000000
 21285.43   0.0000000000   0.0000000000   0.0000000000   0.0000000000
 21319.65   0.0000000000   0.0000000000   0.0000000000   0.0000000000
 21353.86   0.0000000000   0.0000000000   0.0000000000   0.0000000000
 21388.07   0.0000000000   0.0000000000   0.0000000000   0.0000000000
 21422.29   0.0000000000   0.0000000000   0.0000000000   0.0000000000
 21456.50   0.0000000000   0.0000000000   0.0000000000   0.0000000000
 21490.71   0.0000000000   0.0000000000   0.0000000000   0.0000000000
 21524.93   0.0000000000   0.0000000000   0.0000000000   0.0000000000
 21559.14   0.0000000000   0.0000000000   0.0000000000   0.0000000000
 21593.35   0.0000000000   0.0000000000   0.0000000000   0.0000000000
 21627.57   0.0000000000   0.0000000000   0.0000000000   0.0000000000
 21661.78   0.0000000000   0.0000000000   0.0000000000   0.0000000000
 21695.99   0.0000000000   0.0000000000   0.0000000000   0.0000000000
 21730.21   0.0000000000   0.0000000000   0.0000000000   0.0000000000
 21764.42   0.0000000000   0.0000000000   0.0000000000   0.0000000000
 21798.63   0.0000000000   0.0000000000   0.0000000000   0.0000000000
 21832.84   0.0000000000   0.0000000000   0.0000000000   0.0000000000
 21867.06   0.0000000000   0.0000000000   0.0000000000   0.0000000000
 21901.27   0.0000000000   0.0000000000   0.0000000000   0.0000000000
 21935.48   0.0000000000   0.0000000000   0.0000000000   0.0000000000
 21969.70   0.0000000000   0.0000000000   0.0000000000   0.0000000000
 22003.91   0.0000000000   0.0000000000   0.0000000000   0.0000000000
 22038.12   0.0000000000   0.0000000000   0.0000000000   0.0000000000
 22072.34   0.0000000000   0.0000000000   0.0000000000   0.0000000000
 22106.55   0.0000000000   0.0000000000   0.0000000000   0.0000000000
 22140.76   0.0000000000   0.0000000000   0.0000000000   0.0000000000
 22174.98   0.0000000000   0.0000000000   0.0000000000   0.0000000000
 22209.19   0.0000000000   0.0000000000   0.0000000000   0.0000000000
 22243.40   0.0000000000   0.0000000000   0.0000000000   0.0000000000
 22277.61   0.0000000000   0.0000000000   0.0000000000   0.0000000000
 22311.83   0.0000000000   0.0000000000   0.0000000000   0.0000000000
 22346.04   0.0000000000   0.0000000000   0.0000000000   0.0000000000
 22380.25   0.0000000000   0.0000000000   0.0000000000   0.0000000000
 22414.47   0.0000000000   0.0000000000   0.0000000000   0.0000000000
 22448.68   0.0000000000   0.0000000000   0.0000000000   0.0000000000
 22482.89   0.0000000000   0.0000000000   0.0000000000   0.0000000000
 22517.11   0.0000000000   0.0000000000   0.0000000000   0.0000000000
 22551.32   0.0000000000   0.0000000000   0.0000000000   0.0000000000
 22585.53   0.0000000000   0.0000000000   0.0000000000   0.0000000000
 22619.75   0.0000000000   0.0000000000   0.0000000000   0.0000000000
 22653.96   0.0000000000   0.0000000000   0.0000000000   0.0000000000
 22688.17   0.0000000000   0.0000000000   0.0000000000   0.0000000000
 22722.39   0.0000000000   0.0000000000   0.0000000000   0.0000000000
 22756.60   0.0000000000   0.0000000000   0.0000000000   0.0000000000
 22790.81   0.0000000000   0.0000000000   0.0000000000   0.0000000000
 22825.02   0.0000000000   0.0000000000   0.0000000000   0.0000000000
 22859.24   0.0000000000   0.0000000000   0.0000000000   0.0000000000
 22893.45   0.0000000000   0.0000000000   0.0000000000   0.0000000000
 22927.66   0.0000000000   0.0000000000   0.0000000000   0.0000000000
 22961.88   0.0000000000   0.0000000000   0.0000000000   0.0000000000
 22996.09   0.0000000000   0.0000000000   0.0000000000   0.0000000000
 23030.30   0.0000000000   0.0000000000   0.0000000000   0.0000000000
 23064.52   0.0000000000   0.0000000000   0.0000000000   0.0000000000
 23098.73   0.0000000000   0.0000000000   0.0000000000   0.0000000000
 23132.94   0.0000000000   0.0000000000   0.0000000000   0.0000000000
 23167.16   0.0000000000   0.0000000000   0.0000000000   0.0000000000
 23201.37   0.0000000000   0.0000000000   0.0000000000   0.0000000000
 23235.58   0.0000000000   0.0000000000   0.0000000000   0.0000000000
 23269.79   0.0000000000   0.0000000000   0.0000000000   0.0000000000
 23304.01   0.0000000000   0.0000000000   0.0000000000   0.0000000000
 23338.22   0.0000000000   0.0000000000   0.0000000000   0.0000000000
 23372.43   0.0000000000   0.0000000000   0.0000000000   0.0000000000
 23406.65   0.0000000000   0.0000000000   0.0000000000   0.0000000000
 23440.86   0.0000000000   0.0000000000   0.0000000000   0.0000000000
 23475.07   0.0000000000   0.0000000000   0.0000000000   0.0000000000
 23509.29   0.0000000000   0.0000000000   0.0000000000   0.0000000000
 23543.50   0.0000000000   0.0000000000   0.0000000000   0.0000000000
 23577.71   0.0000000000   0.0000000000   0.0000000000   0.0000000000
 23611.93   0.0000000000   0.0000000000   0.0000000000   0.0000000000
 23646.14   0.0000000000   0.0000000000   0.0000000000   0.0000000000
 23680.35   0.0000000000   0.0000000000   0.0000000000   0.0000000000
 23714.57   0.0000000000   0.0000000000   0.0000000000   0.0000000000
 23748.78   0.0000000000   0.0000000000   0.0000000000   0.0000000000
 23782.99   0.0000000000   0.0000000000   0.0000000000   0.0000000000
 23817.20   0.0000000000   0.0000000000   0.0000000000   0.0000000000
 23851.42   0.0000000000   0.0000000000   0.0000000000   0.0000000000
 23885.63   0.0000000000   0.0000000000   0.0000000000   0.0000000000
 23919.84   0.0000000000   0.0000000000   0.0000000000   0.0000000000
 23954.06   0.0000000000   0.0000000000   0.0000000000   0.0000000000
 23988.27   0.0000000000   0.0000000000   0.0000000000   0.0000000000
 24022.48   0.0000000000   0.0000000000   0.0000000000   0.0000000000
 24056.70   0.0000000000   0.0000000000   0.0000000000   0.0000000000
 24090.91   0.0000000000   0.0000000000   0.0000000000   0.0000000000
 24125.12   0.0000000000   0.0000000000   0.0000000000   0.0000000000
 24159.34   0.0000000000   0.0000000000   0.0000000000   0.0000000000
 24193.55   0.0000000000   0.0000000000   0.0000000000   0.0000000000
 24227.76   0.0000000000   0.0000000000   0.0000000000   0.0000000000
 24261.97   0.0000000000   0.0000000000   0.0000000000   0.0000000000
 24296.19   0.0000000000   0.0000000000   0.0000000000   0.0000000000
 24330.40   0.0000000000   0.0000000000   0.0000000000   0.0000000000
 24364.61   0.0000000000   0.0000000000   0.0000000000   0.0000000000
 24398.83   0.0000000000   0.0000000000   0.0000000000   0.0000000000
 24433.04   0.0000000000   0.0000000000   0.0000000000   0.0000000000
 24467.25   0.0000000000   0.0000000000   0.0000000000   0.0000000000
 24501.47   0.0000000000   0.0000000000   0.0000000000   0.0000000000
 24535.68   0.0000000000   0.0000000000   0.0000000000   0.0000000000
 24569.89   0.0000000000   0.0000000000   0.0000000000   0.0000000000
 24604.11   0.0000000000   0.0000000000   0.0000000000   0.0000000000
 24638.32   0.0000000000   0.0000000000   0.0000000000   0.0000000000
 24672.53   0.0000000000   0.0000000000   0.0000000000   0.0000000000
 24706.74   0.0000000000   0.0000000000   0.0000000000   0.0000000000
 24740.96   0.0000000000   0.0000000000   0.0000000000   0.0000000000
 24775.17   0.0000000000   0.0000000000   0.0000000000   0.0000000000
 24809.38   0.0000000000   0.0000000000   0.0000000000   0.0000000000
 24843.60   0.0000000000   0.0000000000   0.0000000000   0.0000000000
 24877.81   0.0000000000   0.0000000000   0.0000000000   0.0000000000
 24912.02   0.0000000000   0.0000000000   0.0000000000   0.0000000000
 24946.24   0.0000000000   0.0000000000   0.0000000000   0.0000000000
 24980.45   0.0000000000   0.0000000000   0.0000000000   0.0000000000
 25014.66   0.0000000000   0.0000000000   0.0000000000   0.0000000000
 25048.88   0.0000000000   0.0000000000   0.0000000000   0.0000000000
 25083.09   0.0000000000   0.0000000000   0.0000000000   0.0000000000
 25117.30   0.0000000000   0.0000000000   0.0000000000   0.0000000000
 25151.52   0.0000000000   0.0000000000   0.0000000000   0.0000000000
 25185.73   0.0000000000   0.0000000000   0.0000000000   0.0000000000
 25219.94   0.0000000000   0.0000000000   0.0000000000   0.0000000000
 25254.15   0.0000000000   0.0000000000   0.0000000000   0.0000000000
 25288.37   0.0000000000   0.0000000000   0.0000000000   0.0000000000
 25322.58   0.0000000000   0.0000000000   0.0000000000   0.0000000000
 25356.79   0.0000000000   0.0000000000   0.0000000000   0.0000000000
 25391.01   0.0000000000   0.0000000000   0.0000000000   0.0000000000
 25425.22   0.0000000000   0.0000000000   0.0000000000   0.0000000000
 25459.43   0.0000000000   0.0000000000   0.0000000000   0.0000000000
 25493.65   0.0000000000   0.0000000000   0.0000000000   0.0000000000
 25527.86   0.0000000000   0.0000000000   0.0000000000   0.0000000000
 25562.07   0.0000000000   0.0000000000   0.0000000000   0.0000000000
 25596.29   0.0000000000   0.0000000000   0.0000000000   0.0000000000
 25630.50   0.0000000000   0.0000000000   0.0000000000   0.0000000000
 25664.71   0.0000000000   0.0000000000   0.0000000000   0.0000000000
 25698.92   0.0000000000   0.0000000000   0.0000000000   0.0000000000
 25733.14   0.0000000000   0.0000000000   0.0000000000   0.0000000000
 25767.35   0.0000000000   0.0000000000   0.0000000000   0.0000000000
 25801.56   0.0000000000   0.0000000000   0.0000000000   0.0000000000
 25835.78   0.0000000000   0.0000000000   0.0000000000   0.0000000000
 25869.99   0.0000000000   0.0000000000   0.0000000000   0.0000000000
 25904.20   0.0000000000   0.0000000000   0.0000000000   0.0000000000
 25938.42   0.0000000000   0.0000000000   0.0000000000   0.0000000000
 25972.63   0.0000000000   0.0000000000   0.0000000000   0.0000000000
 26006.84   0.0000000000   0.0000000000   0.0000000000   0.0000000000
 26041.06   0.0000000000   0.0000000000   0.0000000000   0.0000000000
 26075.27   0.0000000000   0.0000000000   0.0000000000   0.0000000000
 26109.48   0.0000000000   0.0000000000   0.0000000000   0.0000000000
 26143.70   0.0000000000   0.0000000000   0.0000000000   0.0000000000
 26177.91   0.0000000000   0.0000000000   0.0000000000   0.0000000000
 26212.12   0.0000000000   0.0000000000   0.0000000000   0.0000000000
 26246.33   0.0000000000   0.0000000000   0.0000000000   0.0000000000
 26280.55   0.0000000000   0.0000000000   0.0000000000   0.0000000000
 26314.76   0.0000000000   0.0000000000   0.0000000000   0.0000000000
 26348.97   0.0000000000   0.0000000000   0.0000000000   0.0000000000
 26383.19   0.0000000000   0.0000000000   0.0000000000   0.0000000000
 26417.40   0.0000000000   0.0000000000   0.0000000000   0.0000000000
 26451.61   0.0000000000   0.0000000000   0.0000000000   0.0000000000
 26485.83   0.0000000000   0.0000000000   0.0000000000   0.0000000000
 26520.04   0.0000000000   0.0000000000   0.0000000000   0.0000000000
 26554.25   0.0000000000   0.0000000000   0.0000000000   0.0000000000
 26588.47   0.0000000000   0.0000000000   0.0000000000   0.0000000000
 26622.68   0.0000000000   0.0000000000   0.0000000000   0.0000000000
 26656.89   0.0000000000   0.0000000000   0.0000000000   0.0000000000
 26691.10   0.0000000000   0.0000000000   0.0000000000   0.0000000000
 26725.32   0.0000000000   0.0000000000   0.0000000000   0.0000000000
 26759.53   0.0000000000   0.0000000000   0.0000000000   0.0000000000
 26793.74   0.0000000000   0.0000000000   0.0000000000   0.0000000000
 26827.96   0.0000000000   0.0000000000   0.0000000000   0.0000000000
 26862.17   0.0000000000   0.0000000000   0.0000000000   0.0000000000
 26896.38   0.0000000000   0.0000000000   0.0000000000   0.0000000000
 26930.60   0.0000000000   0.0000000000   0.0000000000   0.0000000000
 26964.81   0.0000000000   0.0000000000   0.0000000000   0.0000000000
 26999.02   0.0000000000   0.0000000000   0.0000000000   0.0000000000
 27033.24   0.0000000000   0.0000000000   0.0000000000   0.0000000000
 27067.45   0.0000000000   0.0000000000   0.0000000000   0.0000000000
 27101.66   0.0000000000   0.0000000000   0.0000000000   0.0000000000
 27135.87   0.0000000000   0.0000000000   0.0000000000   0.0000000000
 27170.09   0.0000000000   0.0000000000   0.0000000000   0.0000000000
 27204.30   0.0000000000   0.0000000000   0.0000000000   0.0000000000
 27238.51   0.0000000000   0.0000000000   0.0000000000   0.0000000000
 27272.73   0.0000000000   0.0000000000   0.0000000000   0.0000000000
 27306.94   0.0000000000   0.0000000000   0.0000000000   0.0000000000
 27341.15   0.0000000000   0.0000000000   0.0000000000   0.0000000000
 27375.37   0.0000000000   0.0000000000   0.0000000000   0.0000000000
 27409.58   0.0000000000   0.0000000000   0.0000000000   0.0000000000
 27443.79   0.0000000000   0.0000000000   0.0000000000   0.0000000000
 27478.01   0.0000000000   0.0000000000   0.0000000000   0.0000000000
 27512.22   0.0000000000   0.0000000000   0.0000000000   0.0000000000
 27546.43   0.0000000000   0.0000000000   0.0000000000   0.0000000000
 27580.65   0.0000000000   0.0000000000   0.0000000000   0.0000000000
 27614.86   0.0000000000   0.0000000000   0.0000000000   0.0000000000
 27649.07   0.0000000000   0.0000000000   0.0000000000   0.0000000000
 27683.28   0.0000000000   0.0000000000   0.0000000000   0.0000000000
 27717.50   0.0000000000   0.0000000000   0.0000000000   0.0000000000
 27751.71   0.0000000000   0.0000000000   0.0000000000   0.0000000000
 27785.92   0.0000000000   0.0000000000   0.0000000000   0.0000000000
 27820.14   0.0000000000   0.0000000000   0.0000000000   0.0000000000
 27854.35   0.0000000000   0.0000000000   0.0000000000   0.0000000000
 27888.56   0.0000000000   0.0000000000   0.0000000000   0.0000000000
 27922.78   0.0000000000   0.0000000000   0.0000000000   0.0000000000
 27956.99   0.0000000000   0.0000000000   0.0000000000   0.0000000000
 27991.20   0.0000000000   0.0000000000   0.0000000000   0.0000000000
 28025.42   0.0000000000   0.0000000000   0.0000000000   0.0000000000
 28059.63   0.0000000000   0.0000000000   0.0000000000   0.0000000000
 28093.84   0.0000000000   0.0000000000   0.0000000000   0.0000000000
 28128.05   0.0000000000   0.0000000000   0.0000000000   0.0000000000
 28162.27   0.0000000000   0.0000000000   0.0000000000   0.0000000000
 28196.48   0.0000000000   0.0000000000   0.0000000000   0.0000000000
 28230.69   0.0000000000   0.0000000000   0.0000000000   0.0000000000
 28264.91   0.0000000000   0.0000000000   0.0000000000   0.0000000000
 28299.12   0.0000000000   0.0000000000   0.0000000000   0.0000000000
 28333.33   0.0000000000   0.0000000000   0.0000000000   0.0000000000
 28367.55   0.0000000000   0.0000000000   0.0000000000   0.0000000000
 28401.76   0.0000000000   0.0000000000   0.0000000000   0.0000000000
 28435.97   0.0000000000   0.0000000000   0.0000000000   0.0000000000
 28470.19   0.0000000000   0.0000000000   0.0000000000   0.0000000000
 28504.40   0.0000000000   0.0000000000   0.0000000000   0.0000000000
 28538.61   0.0000000000   0.0000000000   0.0000000000   0.0000000000
 28572.83   0.0000000000   0.0000000000   0.0000000000   0.0000000000
 28607.04   0.0000000000   0.0000000000   0.0000000000   0.0000000000
 28641.25   0.0000000000   0.0000000000   0.0000000000   0.0000000000
 28675.46   0.0000000000   0.0000000000   0.0000000000   0.0000000000
 28709.68   0.0000000000   0.0000000000   0.0000000000   0.0000000000
 28743.89   0.0000000000   0.0000000000   0.0000000000   0.0000000000
 28778.10   0.0000000000   0.0000000000   0.0000000000   0.0000000000
 28812.32   0.0000000000   0.0000000000   0.0000000000   0.0000000000
 28846.53   0.0000000000   0.0000000000   0.0000000000   0.0000000000
 28880.74   0.0000000000   0.0000000000   0.0000000000   0.0000000000
 28914.96   0.0000000000   0.0000000000   0.0000000000   0.0000000000
 28949.17   0.0000000000   0.0000000000   0.0000000000   0.0000000000
 28983.38   0.0000000000   0.0000000000   0.0000000000   0.0000000000
 29017.60   0.0000000000   0.0000000000   0.0000000000   0.0000000000
 29051.81   0.0000000000   0.0000000000   0.0000000000   0.0000000000
 29086.02   0.0000000000   0.0000000000   0.0000000000   0.0000000000
 29120.23   0.0000000000   0.0000000000   0.0000000000   0.0000000000
 29154.45   0.0000000000   0.0000000000   0.0000000000   0.0000000000
 29188.66   0.0000000000   0.0000000000   0.0000000000   0.0000000000
 29222.87   0.0000000000   0.0000000000   0.0000000000   0.0000000000
 29257.09   0.0000000000   0.0000000000   0.0000000000   0.0000000000
 29291.30   0.0000000000   0.0000000000   0.0000000000   0.0000000000
 29325.51   0.0000000000   0.0000000000   0.0000000000   0.0000000000
 29359.73   0.0000000000   0.0000000000   0.0000000000   0.0000000000
 29393.94   0.0000000000   0.0000000000   0.0000000000   0.0000000000
 29428.15   0.0000000000   0.0000000000   0.0000000000   0.0000000000
 29462.37   0.0000000000   0.0000000000   0.0000000000   0.0000000000
 29496.58   0.0000000000   0.0000000000   0.0000000000   0.0000000000
 29530.79   0.0000000000   0.0000000000   0.0000000000   0.0000000000
 29565.00   0.0000000000   0.0000000000   0.0000000000   0.0000000000
 29599.22   0.0000000000   0.0000000000   0.0000000000   0.0000000000
 29633.43   0.0000000000   0.0000000000   0.0000000000   0.0000000000
 29667.64   0.0000000000   0.0000000000   0.0000000000   0.0000000000
 29701.86   0.0000000000   0.0000000000   0.0000000000   0.0000000000
 29736.07   0.0000000000   0.0000000000   0.0000000000   0.0000000000
 29770.28   0.0000000000   0.0000000000   0.0000000000   0.0000000000
 29804.50   0.0000000000   0.0000000000   0.0000000000   0.0000000000
 29838.71   0.0000000000   0.0000000000   0.0000000000   0.0000000000
 29872.92   0.0000000000   0.0000000000   0.0000000000   0.0000000000
 29907.14   0.0000000000   0.0000000000   0.0000000000   0.0000000000
 29941.35   0.0000000000   0.0000000000   0.0000000000   0.0000000000
 29975.56   0.0000000000   0.0000000000   0.0000000000   0.0000000000
 30009.78   0.0000000000   0.0000000000   0.0000000000   0.0000000000
 30043.99   0.0000000000   0.0000000000   0.0000000000   0.0000000000
 30078.20   0.0000000000   0.0000000000   0.0000000000   0.0000000000
 30112.41   0.0000000000   0.0000000000   0.0000000000   0.0000000000
 30146.63   0.0000000000   0.0000000000   0.0000000000   0.0000000000
 30180.84   0.0000000000   0.0000000000   0.0000000000   0.0000000000
 30215.05   0.0000000000   0.0000000000   0.0000000000   0.0000000000
 30249.27   0.0000000000   0.0000000000   0.0000000000   0.0000000000
 30283.48   0.0000000000   0.0000000000   0.0000000000   0.0000000000
 30317.69   0.0000000000   0.0000000000   0.0000000000   0.0000000000
 30351.91   0.0000000000   0.0000000000   0.0000000000   0.0000000000
 30386.12   0.0000000000   0.0000000000   0.0000000000   0.0000000000
 30420.33   0.0000000000   0.0000000000   0.0000000000   0.0000000000
 30454.55   0.0000000000   0.0000000000   0.0000000000   0.0000000000
 30488.76   0.0000000000   0.0000000000   0.0000000000   0.0000000000
 30522.97   0.0000000000   0.0000000000   0.0000000000   0.0000000000
 30557.18   0.0000000000   0.0000000000   0.0000000000   0.0000000000
 30591.40   0.0000000000   0.0000000000   0.0000000000   0.0000000000
 30625.61   0.0000000000   0.0000000000   0.0000000000   0.0000000000
 30659.82   0.0000000000   0.0000000000   0.0000000000   0.0000000000
 30694.04   0.0000000000   0.0000000000   0.0000000000   0.0000000000
 30728.25   0.0000000000   0.0000000000   0.0000000000   0.0000000000
 30762.46   0.0000000000   0.0000000000   0.0000000000   0.0000000000
 30796.68   0.0000000000   0.0000000000   0.0000000000   0.0000000000
 30830.89   0.0000000000   0.0000000000   0.0000000000   0.0000000000
 30865.10   0.0000000000   0.0000000000   0.0000000000   0.0000000000
 30899.32   0.0000000000   0.0000000000   0.0000000000   0.0000000000
 30933.53   0.0000000000   0.0000000000   0.0000000000   0.0000000000
 30967.74   0.0000000000   0.0000000000   0.0000000000   0.0000000000
 31001.96   0.0000000000   0.0000000000   0.0000000000   0.0000000000
 31036.17   0.0000000000   0.0000000000   0.0000000000   0.0000000000
 31070.38   0.0000000000   0.0000000000   0.0000000000   0.0000000000
 31104.59   0.0000000000   0.0000000000   0.0000000000   0.0000000000
 31138.81   0.0000000000   0.0000000000   0.0000000000   0.0000000000
 31173.02   0.0000000000   0.0000000000   0.0000000000   0.0000000000
 31207.23   0.0000000000   0.0000000000   0.0000000000   0.0000000000
 31241.45   0.0000000000   0.0000000000   0.0000000000   0.0000000000
 31275.66   0.0000000000   0.0000000000   0.0000000000   0.0000000000
 31309.87   0.0000000000   0.0000000000   0.0000000000   0.0000000000
 31344.09   0.0000000000   0.0000000000   0.0000000000   0.0000000000
 31378.30   0.0000000000   0.0000000000   0.0000000000   0.0000000000
 31412.51   0.0000000000   0.0000000000   0.0000000000   0.0000000000
 31446.73   0.0000000000   0.0000000000   0.0000000000   0.0000000000
 31480.94   0.0000000000   0.0000000000   0.0000000000   0.0000000000
 31515.15   0.0000000000   0.0000000000   0.0000000000   0.0000000000
 31549.36   0.0000000000   0.0000000000   0.0000000000   0.0000000000
 31583.58   0.0000000000   0.0000000000   0.0000000000   0.0000000000
 31617.79   0.0000000000   0.0000000000   0.0000000000   0.0000000000
 31652.00   0.0000000000   0.0000000000   0.0000000000   0.0000000000
 31686.22   0.0000000000   0.0000000000   0.0000000000   0.0000000000
 31720.43   0.0000000000   0.0000000000   0.0000000000   0.0000000000
 31754.64   0.0000000000   0.0000000000   0.0000000000   0.0000000000
 31788.86   0.0000000000   0.0000000000   0.0000000000   0.0000000000
 31823.07   0.0000000000   0.0000000000   0.0000000000   0.0000000000
 31857.28   0.0000000000   0.0000000000   0.0000000000   0.0000000000
 31891.50   0.0000000000   0.0000000000   0.0000000000   0.0000000000
 31925.71   0.0000000000   0.0000000000   0.0000000000   0.0000000000
 31959.92   0.0000000000   0.0000000000   0.0000000000   0.0000000000
 31994.13   0.0000000000   0.0000000000   0.0000000000   0.0000000000
 32028.35   0.0000000000   0.0000000000   0.0000000000   0.0000000000
 32062.56   0.0000000000   0.0000000000   0.0000000000   0.0000000000
 32096.77   0.0000000000   0.0000000000   0.0000000000   0.0000000000
 32130.99   0.0000000000   0.0000000000   0.0000000000   0.0000000000
 32165.20   0.0000000000   0.0000000000   0.0000000000   0.0000000000
 32199.41   0.0000000000   0.0000000000   0.0000000000   0.0000000000
 32233.63   0.0000000000   0.0000000000   0.0000000000   0.0000000000
 32267.84   0.0000000000   0.0000000000   0.0000000000   0.0000000000
 32302.05   0.0000000000   0.0000000000   0.0000000000   0.0000000000
 32336.27   0.0000000000   0.0000000000   0.0000000000   0.0000000000
 32370.48   0.0000000000   0.0000000000   0.0000000000   0.0000000000
 32404.69   0.0000000000   0.0000000000   0.0000000000   0.0000000000
 32438.91   0.0000000000   0.0000000000   0.0000000000   0.0000000000
 32473.12   0.0000000000   0.0000000000   0.0000000000   0.0000000000
 32507.33   0.0000000000   0.0000000000   0.0000000000   0.0000000000
 32541.54   0.0000000000   0.0000000000   0.0000000000   0.0000000000
 32575.76   0.0000000000   0.0000000000   0.0000000000   0.0000000000
 32609.97   0.0000000000   0.0000000000   0.0000000000   0.0000000000
 32644.18   0.0000000000   0.0000000000   0.0000000000   0.0000000000
 32678.40   0.0000000000   0.0000000000   0.0000000000   0.0000000000
 32712.61   0.0000000000   0.0000000000   0.0000000000   0.0000000000
 32746.82   0.0000000000   0.0000000000   0.0000000000   0.0000000000
 32781.04   0.0000000000   0.0000000000   0.0000000000   0.0000000000
 32815.25   0.0000000000   0.0000000000   0.0000000000   0.0000000000
 32849.46   0.0000000000   0.0000000000   0.0000000000   0.0000000000
 32883.68   0.0000000000   0.0000000000   0.0000000000   0.0000000000
 32917.89   0.0000000000   0.0000000000   0.0000000000   0.0000000000
 32952.10   0.0000000000   0.0000000000   0.0000000000   0.0000000000
 32986.31   0.0000000000   0.0000000000   0.0000000000   0.0000000000
 33020.53   0.0000000000   0.0000000000   0.0000000000   0.0000000000
 33054.74   0.0000000000   0.0000000000   0.0000000000   0.0000000000
 33088.95   0.0000000000   0.0000000000   0.0000000000   0.0000000000
 33123.17   0.0000000000   0.0000000000   0.0000000000   0.0000000000
 33157.38   0.0000000000   0.0000000000   0.0000000000   0.0000000000
 33191.59   0.0000000000   0.0000000000   0.0000000000   0.0000000000
 33225.81   0.0000000000   0.0000000000   0.0000000000   0.0000000000
 33260.02   0.0000000000   0.0000000000   0.0000000000   0.0000000000
 33294.23   0.0000000000   0.0000000000   0.0000000000   0.0000000000
 33328.45   0.0000000000   0.0000000000   0.0000000000   0.0000000000
 33362.66   0.0000000000   0.0000000000   0.0000000000   0.0000000000
 33396.87   0.0000000000   0.0000000000   0.0000000000   0.0000000000
 33431.09   0.0000000000   0.0000000000   0.0000000000   0.0000000000
 33465.30   0.0000000000   0.0000000000   0.0000000000   0.0000000000
 33499.51   0.0000000000   0.0000000000   0.0000000000   0.0000000000
 33533.72   0.0000000000   0.0000000000   0.0000000000   0.0000000000
 33567.94   0.0000000000   0.0000000000   0.0000000000   0.0000000000
 33602.15   0.0000000000   0.0000000000   0.0000000000   0.0000000000
 33636.36   0.0000000000   0.0000000000   0.0000000000   0.0000000000
 33670.58   0.0000000000   0.0000000000   0.0000000000   0.0000000000
 33704.79   0.0000000000   0.0000000000   0.0000000000   0.0000000000
 33739.00   0.0000000000   0.0000000000   0.0000000000   0.0000000000
 33773.22   0.0000000000   0.0000000000   0.0000000000   0.0000000000
 33807.43   0.0000000000   0.0000000000   0.0000000000   0.0000000000
 33841.64   0.0000000000   0.0000000000   0.0000000000   0.0000000000
 33875.86   0.0000000000   0.0000000000   0.0000000000   0.0000000000
 33910.07   0.0000000000   0.0000000000   0.0000000000   0.0000000000
 33944.28   0.0000000000   0.0000000000   0.0000000000   0.0000000000
 33978.49   0.0000000000   0.0000000000   0.0000000000   0.0000000000
 34012.71   0.0000000000   0.0000000000   0.0000000000   0.0000000000
 34046.92   0.0000000000   0.0000000000   0.0000000000   0.0000000000
 34081.13   0.0000000000   0.0000000000   0.0000000000   0.0000000000
 34115.35   0.0000000000   0.0000000000   0.0000000000   0.0000000000
 34149.56   0.0000000000   0.0000000000   0.0000000000   0.0000000000
 34183.77   0.0000000000   0.0000000000   0.0000000000   0.0000000000
 34217.99   0.0000000000   0.0000000000   0.0000000000   0.0000000000
 34252.20   0.0000000000   0.0000000000   0.0000000000   0.0000000000
 34286.41   0.0000000000   0.0000000000   0.0000000000   0.0000000000
 34320.63   0.0000000000   0.0000000000   0.0000000000   0.0000000000
 34354.84   0.0000000000   0.0000000000   0.0000000000   0.0000000000
 34389.05   0.0000000000   0.0000000000   0.0000000000   0.0000000000
 34423.26   0.0000000000   0.0000000000   0.0000000000   0.0000000000
 34457.48   0.0000000000   0.0000000000   0.0000000000   0.0000000000
 34491.69   0.0000000000   0.0000000000   0.0000000000   0.0000000000
 34525.90   0.0000000000   0.0000000000   0.0000000000   0.0000000000
 34560.12   0.0000000000   0.0000000000   0.0000000000   0.0000000000
 34594.33   0.0000000000   0.0000000000   0.0000000000   0.0000000000
 34628.54   0.0000000000   0.0000000000   0.0000000000   0.0000000000
 34662.76   0.0000000000   0.0000000000   0.0000000000   0.0000000000
 34696.97   0.0000000000   0.0000000000   0.0000000000   0.0000000000
 34731.18   0.0000000000   0.0000000000   0.0000000000   0.0000000000
 34765.40   0.0000000000   0.0000000000   0.0000000000   0.0000000000
 34799.61   0.0000000000   0.0000000000   0.0000000000   0.0000000000
 34833.82   0.0000000000   0.0000000000   0.0000000000   0.0000000000
 34868.04   0.0000000000   0.0000000000   0.0000000000   0.0000000000
 34902.25   0.0000000000   0.0000000000   0.0000000000   0.0000000000
 34936.46   0.0000000000   0.0000000000   0.0000000000   0.0000000000
 34970.67   0.0000000000   0.0000000000   0.0000000000   0.0000000000
 35004.89   0.0000000000   0.0000000000   0.0000000000   0.0000000000
 35039.10   0.0000000000   0.0000000000   0.0000000000   0.0000000000
 35073.31   0.0000000000   0.0000000000   0.0000000000   0.0000000000
 35107.53   0.0000000000   0.0000000000   0.0000000000   0.0000000000
 35141.74   0.0000000000   0.0000000000   0.0000000000   0.0000000000
 35175.95   0.0000000000   0.0000000000   0.0000000000   0.0000000000
 35210.17   0.0000000000   0.0000000000   0.0000000000   0.0000000000
 35244.38   0.0000000000   0.0000000000   0.0000000000   0.0000000000
 35278.59   0.0000000000   0.0000000000   0.0000000000   0.0000000000
 35312.81   0.0000000000   0.0000000000   0.0000000000   0.0000000000
 35347.02   0.0000000000   0.0000000000   0.0000000000   0.0000000000
 35381.23   0.0000000000   0.0000000000   0.0000000000   0.0000000000
 35415.44   0.0000000000   0.0000000000   0.0000000000   0.0000000000
 35449.66   0.0000000000   0.0000000000   0.0000000000   0.0000000000
 35483.87   0.0000000000   0.0000000000   0.0000000000   0.0000000000
 35518.08   0.0000000000   0.0000000000   0.0000000000   0.0000000000
 35552.30   0.0000000000   0.0000000000   0.0000000000   0.0000000000
 35586.51   0.0000000000   0.0000000000   0.0000000000   0.0000000000
 35620.72   0.0000000000   0.0000000000   0.0000000000   0.0000000000
 35654.94   0.0000000000   0.0000000000   0.0000000000   0.0000000000
 35689.15   0.0000000000   0.0000000000   0.0000000000   0.0000000000
 35723.36   0.0000000000   0.0000000000   0.0000000000   0.0000000000
 35757.58   0.0000000000   0.0000000000   0.0000000000   0.0000000000
 35791.79   0.0000000000   0.0000000000   0.0000000000   0.0000000000
 35826.00   0.0000000000   0.0000000000   0.0000000000   0.0000000000
 35860.22   0.0000000000   0.0000000000   0.0000000000   0.0000000000
 35894.43   0.0000000000   0.0000000000   0.0000000000   0.0000000000
 35928.64   0.0000000000   0.0000000000   0.0000000000   0.0000000000
 35962.85   0.0000000000   0.0000000000   0.0000000000   0.0000000000
 35997.07   0.0000000000   0.0000000000   0.0000000000   0.0000000000
 36031.28   0.0000000000   0.0000000000   0.0000000000   0.0000000000
 36065.49   0.0000000000   0.0000000000   0.0000000000   0.0000000000
 36099.71   0.0000000000   0.0000000000   0.0000000000   0.0000000000
 36133.92   0.0000000000   0.0000000000   0.0000000000   0.0000000000
 36168.13   0.0000000000   0.0000000000   0.0000000000   0.0000000000
 36202.35   0.0000000000   0.0000000000   0.0000000000   0.0000000000
 36236.56   0.0000000000   0.0000000000   0.0000000000   0.0000000000
 36270.77   0.0000000000   0.0000000000   0.0000000000   0.0000000000
 36304.99   0.0000000000   0.0000000000   0.0000000000   0.0000000000
 36339.20   0.0000000000   0.0000000000   0.0000000000   0.0000000000
 36373.41   0.0000000000   0.0000000000   0.0000000000   0.0000000000
 36407.62   0.0000000000   0.0000000000   0.0000000000   0.0000000000
 36441.84   0.0000000000   0.0000000000   0.0000000000   0.0000000000
 36476.05   0.0000000000   0.0000000000   0.0000000000   0.0000000000
 36510.26   0.0000000000   0.0000000000   0.0000000000   0.0000000000
 36544.48   0.0000000000   0.0000000000   0.0000000000   0.0000000000
 36578.69   0.0000000000   0.0000000000   0.0000000000   0.0000000000
 36612.90   0.0000000000   0.0000000000   0.0000000000   0.0000000000
 36647.12   0.0000000000   0.0000000000   0.0000000000   0.0000000000
 36681.33   0.0000000000   0.0000000000   0.0000000000   0.0000000000
 36715.54   0.0000000000   0.0000000000   0.0000000000   0.0000000000
 36749.76   0.0000000000   0.0000000000   0.0000000000   0.0000000000
 36783.97   0.0000000000   0.0000000000   0.0000000000   0.0000000000
 36818.18   0.0000000000   0.0000000000   0.0000000000   0.0000000000
 36852.39   0.0000000000   0.0000000000   0.0000000000   0.0000000000
 36886.61   0.0000000000   0.0000000000   0.0000000000   0.0000000000
 36920.82   0.0000000000   0.0000000000   0.0000000000   0.0000000000
 36955.03   0.0000000000   0.0000000000   0.0000000000   0.0000000000
 36989.25   0.0000000000   0.0000000000   0.0000000000   0.0000000000
 37023.46   0.0000000000   0.0000000000   0.0000000000   0.0000000000
 37057.67   0.0000000000   0.0000000000   0.0000000000   0.0000000000
 37091.89   0.0000000000   0.0000000000   0.0000000000   0.0000000000
 37126.10   0.0000000000   0.0000000000   0.0000000000   0.0000000000
 37160.31   0.0000000000   0.0000000000   0.0000000000   0.0000000000
 37194.53   0.0000000000   0.0000000000   0.0000000000   0.0000000000
 37228.74   0.0000000000   0.0000000000   0.0000000000   0.0000000000
 37262.95   0.0000000000   0.0000000000   0.0000000000   0.0000000000
 37297.17   0.0000000000   0.0000000000   0.0000000000   0.0000000000
 37331.38   0.0000000000   0.0000000000   0.0000000000   0.0000000000
 37365.59   0.0000000000   0.0000000000   0.0000000000   0.0000000000
 37399.80   0.0000000000   0.0000000000   0.0000000000   0.0000000000
 37434.02   0.0000000000   0.0000000000   0.0000000000   0.0000000000
 37468.23   0.0000000000   0.0000000000   0.0000000000   0.0000000000
 37502.44   0.0000000000   0.0000000000   0.0000000000   0.0000000000
 37536.66   0.0000000000   0.0000000000   0.0000000000   0.0000000000
 37570.87   0.0000000000   0.0000000000   0.0000000000   0.0000000000
 37605.08   0.0000000000   0.0000000000   0.0000000000   0.0000000000
 37639.30   0.0000000000   0.0000000000   0.0000000000   0.0000000000
 37673.51   0.0000000000   0.0000000000   0.0000000000   0.0000000000
 37707.72   0.0000000000   0.0000000000   0.0000000000   0.0000000000
 37741.94   0.0000000000   0.0000000000   0.0000000000   0.0000000000
 37776.15   0.0000000000   0.0000000000   0.0000000000   0.0000000000
 37810.36   0.0000000000   0.0000000000   0.0000000000   0.0000000000
 37844.57   0.0000000000   0.0000000000   0.0000000000   0.0000000000
 37878.79   0.0000000000   0.0000000000   0.0000000000   0.0000000000
 37913.00   0.0000000000   0.0000000000   0.0000000000   0.0000000000
 37947.21   0.0000000000   0.0000000000   0.0000000000   0.0000000000
 37981.43   0.0000000000   0.0000000000   0.0000000000   0.0000000000
 38015.64   0.0000000000   0.0000000000   0.0000000000   0.0000000000
 38049.85   0.0000000000   0.0000000000   0.0000000000   0.0000000000
 38084.07   0.0000000000   0.0000000000   0.0000000000   0.0000000000
 38118.28   0.0000000000   0.0000000000   0.0000000000   0.0000000000
 38152.49   0.0000000000   0.0000000000   0.0000000000   0.0000000000
 38186.71   0.0000000000   0.0000000000   0.0000000000   0.0000000000
 38220.92   0.0000000000   0.0000000000   0.0000000000   0.0000000000
 38255.13   0.0000000000   0.0000000000   0.0000000000   0.0000000000
 38289.35   0.0000000000   0.0000000000   0.0000000000   0.0000000000
 38323.56   0.0000000000   0.0000000000   0.0000000000   0.0000000000
 38357.77   0.0000000000   0.0000000000   0.0000000000   0.0000000000
 38391.98   0.0000000000   0.0000000000   0.0000000000   0.0000000000
 38426.20   0.0000000000   0.0000000000   0.0000000000   0.0000000000
 38460.41   0.0000000000   0.0000000000   0.0000000000   0.0000000000
 38494.62   0.0000000000   0.0000000000   0.0000000000   0.0000000000
 38528.84   0.0000000000   0.0000000000   0.0000000000   0.0000000000
 38563.05   0.0000000000   0.0000000000   0.0000000000   0.0000000000
 38597.26   0.0000000000   0.0000000000   0.0000000000   0.0000000000
 38631.48   0.0000000000   0.0000000000   0.0000000000   0.0000000000
 38665.69   0.0000000000   0.0000000000   0.0000000000   0.0000000000
 38699.90   0.0000000000   0.0000000000   0.0000000000   0.0000000000
 38734.12   0.0000000000   0.0000000000   0.0000000000   0.0000000000
 38768.33   0.0000000000   0.0000000000   0.0000000000   0.0000000000
 38802.54   0.0000000000   0.0000000000   0.0000000000   0.0000000000
 38836.75   0.0000000000   0.0000000000   0.0000000000   0.0000000000
 38870.97   0.0000000000   0.0000000000   0.0000000000   0.0000000000
 38905.18   0.0000000000   0.0000000000   0.0000000000   0.0000000000
 38939.39   0.0000000000   0.0000000000   0.0000000000   0.0000000000
 38973.61   0.0000000000   0.0000000000   0.0000000000   0.0000000000
 39007.82   0.0000000000   0.0000000000   0.0000000000   0.0000000000
 39042.03   0.0000000000   0.0000000000   0.0000000000   0.0000000000
 39076.25   0.0000000000   0.0000000000   0.0000000000   0.0000000000
 39110.46   0.0000000000   0.0000000000   0.0000000000   0.0000000000
 39144.67   0.0000000000   0.0000000000   0.0000000000   0.0000000000
 39178.89   0.0000000000   0.0000000000   0.0000000000   0.0000000000
 39213.10   0.0000000000   0.0000000000   0.0000000000   0.0000000000
 39247.31   0.0000000000   0.0000000000   0.0000000000   0.0000000000
 39281.52   0.0000000000   0.0000000000   0.0000000000   0.0000000000
 39315.74   0.0000000000   0.0000000000   0.0000000000   0.0000000000
 39349.95   0.0000000000   0.0000000000   0.0000000000   0.0000000000
 39384.16   0.0000000000   0.0000000000   0.0000000000   0.0000000000
 39418.38   0.0000000000   0.0000000000   0.0000000000   0.0000000000
 39452.59   0.0000000000   0.0000000000   0.0000000000   0.0000000000
 39486.80   0.0000000000   0.0000000000   0.0000000000   0.0000000000
 39521.02   0.0000000000   0.0000000000   0.0000000000   0.0000000000
 39555.23   0.0000000000   0.0000000000   0.0000000000   0.0000000000
 39589.44   0.0000000000   0.0000000000   0.0000000000   0.0000000000
 39623.66   0.0000000000   0.0000000000   0.0000000000   0.0000000000
 39657.87   0.0000000000   0.0000000000   0.0000000000   0.0000000000
 39692.08   0.0000000000   0.0000000000   0.0000000000   0.0000000000
 39726.30   0.0000000000   0.0000000000   0.0000000000   0.0000000000
 39760.51   0.0000000000   0.0000000000   0.0000000000   0.0000000000
 39794.72   0.0000000000   0.0000000000   0.0000000000   0.0000000000
 39828.93   0.0000000000   0.0000000000   0.0000000000   0.0000000000
 39863.15   0.0000000000   0.0000000000   0.0000000000   0.0000000000
 39897.36   0.0000000000   0.0000000000   0.0000000000   0.0000000000
 39931.57   0.0000000000   0.0000000000   0.0000000000   0.0000000000
 39965.79   0.0000000000   0.0000000000   0.0000000000   0.0000000000
 40000.00   0.0000000000   0.0000000000   0.0000000000   0.0000000000
