-------------------------------------------------------------
----------------------- !PROPERTIES! ------------------------
-------------------------------------------------------------
# -----------------------------------------------------------
$ SCF_Energy
   description: The SCF energy
   geom. index: 1
   prop. index: 1
        SCF Energy:    -2801.7729403370
# -----------------------------------------------------------
$ DFT_Energy
   description: The DFT energy
   geom. index: 1
   prop. index: 1
   Number of Alpha Electrons                106.9999078236 
   Number of Beta  Electrons                105.9999025324 
   Total number of  Electrons               212.9998103560 
   Exchange energy                         -174.5198576797 
   Correlation energy                        -8.9746625991 
   Correlation energy NL                      0.0000000000 
   Exchange-Correlation energy             -183.4945202787 
   Embedding correction                       0.0000000000 
   Total DFT Energy (No VdW correction)   -2801.7729403370 
# -----------------------------------------------------------
$ Mayer_Pop
   description: The Mayer population analysis
   geom. index: 1
   prop. index: 1
     Number of atoms                     : 52
     Threshold for printing              : 0.1000000
     Number of bond orders printed       : 54
  NA   - Mulliken gross atomic population
  ZA   - Total nuclear charge
  QA   - Mulliken gross atomic charge
  VA   - Mayer's total valence
  BVA  - Mayer's bonded valence
  FA   - Mayer's free valence
  ATOM       NA         ZA         QA         VA         BVA        FA
  0   0     5.8167     6.0000     0.1833     3.7386     3.7386     0.0000
  1   0     7.2353     7.0000    -0.2353     3.4448     3.4448     0.0000
  2   0     6.1931     6.0000    -0.1931     3.9551     3.9551     0.0000
  3   0     5.9391     6.0000     0.0609     3.8895     3.8894     0.0001
  4   0     7.0208     7.0000    -0.0208     3.2007     3.1935     0.0072
  5   0     5.7850     6.0000     0.2150     3.6695     3.6695     0.0000
  6   0     7.2320     7.0000    -0.2320     3.4294     3.4294     0.0000
  7   0     6.2044     6.0000    -0.2044     3.9132     3.9132     0.0000
  8   0     5.9324     6.0000     0.0676     3.8319     3.8318     0.0001
  9   0     7.0737     7.0000    -0.0737     3.1932     3.1857     0.0075
 10   0     5.7868     6.0000     0.2132     3.6788     3.6788     0.0000
 11   0     7.2296     7.0000    -0.2296     3.4343     3.4343     0.0000
 12   0     6.1680     6.0000    -0.1680     3.9234     3.9234     0.0000
 13   0     5.9433     6.0000     0.0567     3.8727     3.8726     0.0001
 14   0     7.0540     7.0000    -0.0540     3.2064     3.1989     0.0075
 15   0     5.8189     6.0000     0.1811     3.7244     3.7244     0.0000
 16   0     7.2366     7.0000    -0.2366     3.4482     3.4482     0.0000
 17   0     6.1487     6.0000    -0.1487     3.9502     3.9502     0.0000
 18   0     5.9344     6.0000     0.0656     3.8830     3.8829     0.0001
 19   0     7.0178     7.0000    -0.0178     3.2167     3.2089     0.0078
 20   0    29.1662    29.0000    -0.1662     3.0697     2.6000     0.4697
 21   0     6.3682     6.0000    -0.3682     3.8400     3.8400     0.0000
 22   0     0.8404     1.0000     0.1596     0.9532     0.9532     0.0000
 23   0     0.8398     1.0000     0.1602     0.9531     0.9531     0.0000
 24   0     0.8523     1.0000     0.1477     0.9666     0.9666     0.0000
 25   0     6.3698     6.0000    -0.3698     3.8402     3.8402     0.0000
 26   0     0.8385     1.0000     0.1615     0.9529     0.9529     0.0000
 27   0     0.8520     1.0000     0.1480     0.9658     0.9658     0.0000
 28   0     0.8386     1.0000     0.1614     0.9535     0.9535     0.0000
 29   0     6.3685     6.0000    -0.3685     3.8375     3.8375     0.0000
 30   0     0.8394     1.0000     0.1606     0.9539     0.9539     0.0000
 31   0     0.8397     1.0000     0.1603     0.9530     0.9530     0.0000
 32   0     0.8508     1.0000     0.1492     0.9658     0.9658     0.0000
 33   0     6.3667     6.0000    -0.3667     3.8343     3.8343     0.0000
 34   0     0.8398     1.0000     0.1602     0.9537     0.9537     0.0000
 35   0     0.8404     1.0000     0.1596     0.9537     0.9537     0.0000
 36   0     0.8474     1.0000     0.1526     0.9655     0.9655     0.0000
 37   0     0.8197     1.0000     0.1803     0.9613     0.9613     0.0000
 38   0     0.7923     1.0000     0.2077     0.9427     0.9427     0.0000
 39   0     0.8373     1.0000     0.1627     0.9710     0.9710     0.0000
 40   0     0.8155     1.0000     0.1845     0.9945     0.9945     0.0000
 41   0     0.8638     1.0000     0.1362     0.9936     0.9936     0.0000
 42   0     0.8085     1.0000     0.1915     0.9608     0.9608     0.0000
 43   0     0.8298     1.0000     0.1702     0.9553     0.9553     0.0000
 44   0     0.8089     1.0000     0.1911     0.9539     0.9539     0.0000
 45   0     0.7381     1.0000     0.2619     0.9376     0.9376     0.0000
 46   0     0.7358     1.0000     0.2642     0.9365     0.9365     0.0000
 47   0     0.7365     1.0000     0.2635     0.9369     0.9369     0.0000
 48   0     0.7361     1.0000     0.2639     0.9364     0.9364     0.0000
 49   0     8.6535     8.0000    -0.6535     1.8391     1.8391     0.0000
 50   0     0.6496     1.0000     0.3504     0.8937     0.8937     0.0000
 51   0     0.6456     1.0000     0.3544     0.8900     0.8900     0.0000
      Bond orders larger than 0.1000000
           Atom A     A.N. of A          Atom B    A.N. of B              Bond order
                0             6               1            7                1.141993
                0             6               2            6                1.651276
                0             6              25            6                0.899835
                1             7               3            6                1.308804
                1             7              47            1                0.903211
                2             6               4            7                1.167909
                2             6              37            1                0.943757
                3             6               4            7                1.448822
                3             6              38            1                0.933195
                4             7              20           29                0.591254
                5             6               6            7                1.144002
                5             6               7            6                1.606847
                5             6              33            6                0.900748
                6             7               8            6                1.298631
                6             7              46            1                0.903441
                7             6               9            7                1.153067
                7             6              39            1                0.969056
                8             6               9            7                1.432121
                8             6              40            1                0.937832
                9             7              20           29                0.614161
               10             6              11            7                1.143513
               10             6              12            6                1.613047
               10             6              29            6                0.899959
               11             7              13            6                1.301435
               11             7              48            1                0.903816
               12             6              14            7                1.165194
               12             6              41            1                0.970484
               13             6              14            7                1.427593
               13             6              42            1                0.944874
               14             7              20           29                0.623676
               15             6              16            7                1.137324
               15             6              17            6                1.642361
               15             6              21            6                0.898233
               16             7              18            6                1.311749
               16             7              45            1                0.903731
               17             6              19            7                1.173281
               17             6              43            1                0.948976
               18             6              19            7                1.433450
               18             6              44            1                0.939942
               19             7              20           29                0.603563
               21             6              22            1                0.955949
               21             6              23            1                0.953005
               21             6              24            1                0.986250
               25             6              26            1                0.951729
               25             6              27            1                0.986401
               25             6              28            1                0.955369
               29             6              30            1                0.956453
               29             6              31            1                0.951467
               29             6              32            1                0.986990
               33             6              34            1                0.953855
               33             6              35            1                0.953114
               33             6              36            1                0.986604
               49             8              50            1                0.880663
               49             8              51            1                0.878871
# -----------------------------------------------------------
$ CIS_ABS
   description: The CIS absorption spectrum 
   geom. index: 1
   prop. index: 1
        Number of roots:  60
        The CIS Absorption Spectrum :
                  0          1          2          3          4          5    
      0       0.078198   0.000003   0.000066   0.001992  -0.004232  -0.006612
      1       0.085671   0.000309   0.005413   0.036840   0.063452  -0.005467
      2       0.086215   0.000364   0.006336  -0.062723  -0.047420  -0.012389
      3       0.090130   0.000755   0.012563  -0.090379   0.066259  -0.002141
      4       0.100304   0.000059   0.000882   0.011470  -0.026916   0.005050
      5       0.103204   0.001055   0.015330  -0.009501  -0.123149  -0.008597
      6       0.107162   0.000713   0.009976   0.099810   0.003798   0.000282
      7       0.111940   0.000009   0.000123  -0.009898   0.000055  -0.005025
      8       0.157801   0.000059   0.000559  -0.007578  -0.021862  -0.004821
      9       0.159172   0.000018   0.000173   0.011827  -0.005018   0.002885
     10       0.159848   0.000087   0.000819  -0.024622  -0.013317  -0.005963
     11       0.160278   0.000821   0.007680  -0.081685   0.031452   0.004308
     12       0.160646   0.000060   0.000557  -0.007215   0.022428   0.001209
     13       0.166722   0.032790   0.295014  -0.156587  -0.518512  -0.040487
     14       0.170626   0.021176   0.186163  -0.396163   0.168550  -0.028441
     15       0.182230   0.002623   0.021594   0.067129   0.127777   0.027577
     16       0.182792   0.000024   0.000197  -0.004567   0.009936   0.008825
     17       0.184786   0.000059   0.000480  -0.011971  -0.008976  -0.016004
     18       0.185238   0.000053   0.000427  -0.014857   0.007177  -0.012428
     19       0.185367   0.000001   0.000007  -0.001308   0.002034  -0.001153
     20       0.199286   0.161459   1.215278  -1.035259  -0.338775  -0.169556
     21       0.200582   0.159824   1.195198  -0.342796   1.036468   0.058499
     22       0.202848   0.013824   0.102221  -0.132142   0.287724  -0.044439
     23       0.203733   0.005991   0.044108  -0.199306  -0.057117  -0.033506
     24       0.204030   0.005907   0.043430  -0.156740   0.106715  -0.086453
     25       0.206073   0.004852   0.035318   0.101896   0.020119  -0.156621
     26       0.206610   0.037202   0.270086  -0.043756  -0.516365   0.039225
     27       0.206907   0.011789   0.085466   0.204646   0.130908  -0.162633
     28       0.207571   0.011681   0.084412  -0.115123  -0.258145   0.067230
     29       0.208369   0.004817   0.034677  -0.147468   0.108450   0.034185
     30       0.208603   0.022744   0.163547   0.354537   0.073190  -0.180258
     31       0.208932   0.014586   0.104716   0.282340   0.122948  -0.099418
     32       0.209165   0.017917   0.128493   0.319557   0.079165  -0.141805
     33       0.209729   0.001182   0.008452   0.064983  -0.013445  -0.063630
     34       0.209952   0.000317   0.002265  -0.047440  -0.002075   0.003212
     35       0.210347   0.013574   0.096796   0.292772   0.058025  -0.087829
     36       0.210927   0.004463   0.031739  -0.148011   0.064842   0.075017
     37       0.211056   0.022301   0.158493   0.202024  -0.341299   0.034556
     38       0.211784   0.010431   0.073883  -0.180898   0.202781   0.006188
     39       0.212155   0.002383   0.016851   0.097036   0.084840   0.015422
     40       0.212879   0.010245   0.072190   0.065999   0.234496  -0.113341
     41       0.213465   0.015008   0.105462  -0.217876  -0.238742   0.031535
     42       0.214524   0.003075   0.021501   0.051232  -0.131369   0.040227
     43       0.215022   0.005897   0.041140  -0.201774  -0.018811   0.008566
     44       0.215649   0.009169   0.063774   0.250590  -0.010032   0.029629
     45       0.216030   0.017907   0.124336   0.020638  -0.321321   0.143747
     46       0.216968   0.003469   0.023985   0.088224  -0.106108   0.070306
     47       0.217431   0.000914   0.006303   0.048687  -0.052672  -0.034040
     48       0.217514   0.005442   0.037526   0.061351   0.161538  -0.087566
     49       0.217868   0.004596   0.031644  -0.081511  -0.144080   0.065120
     50       0.217978   0.000615   0.004231  -0.036474  -0.052578  -0.011691
     51       0.218444   0.002739   0.018809  -0.115077  -0.064188  -0.038025
     52       0.219301   0.005964   0.040790  -0.163937  -0.106946  -0.049771
     53       0.219661   0.012483   0.085241  -0.255955   0.104319   0.094051
     54       0.219952   0.004386   0.029914   0.133226  -0.102444  -0.040865
     55       0.220151   0.008166   0.055636  -0.183608   0.147876   0.007535
     56       0.220427   0.013918   0.094714  -0.270363   0.135704   0.056595
     57       0.221091   0.002372   0.016092  -0.107538   0.067221   0.002943
     58       0.222274   0.006632   0.044754   0.164805  -0.114215   0.067443
     59       0.222637   0.019764   0.133161   0.297157  -0.094430   0.189581
        The CIS Absorption Spectrum (Velocity):
                  0          1          2          3          4          5    
      0       0.078198   0.000029   0.000003  -0.001759  -0.000400  -0.000439
      1       0.085671   0.000232   0.000030   0.000274  -0.004315  -0.003325
      2       0.086215   0.000494   0.000064   0.004732   0.006309  -0.001290
      3       0.090130   0.000903   0.000122   0.010124  -0.004426  -0.000045
      4       0.100304   0.000034   0.000005  -0.000690  -0.002132   0.000372
      5       0.103204   0.000262   0.000041   0.002198   0.005803   0.001411
      6       0.107162   0.000131   0.000021  -0.004424   0.000530  -0.001062
      7       0.111940   0.000042   0.000007   0.002281   0.000541  -0.001235
      8       0.157801   0.000054   0.000013   0.000759   0.003347  -0.000961
      9       0.159172   0.000032   0.000008  -0.002403   0.001201   0.000602
     10       0.159848   0.000089   0.000021   0.004009   0.002067  -0.000951
     11       0.160278   0.000333   0.000080   0.007462  -0.003036   0.003892
     12       0.160646   0.000048   0.000012   0.000689  -0.003337  -0.000010
     13       0.166722   0.017445   0.004363   0.020673   0.062732   0.000164
     14       0.170626   0.012460   0.003189   0.051648  -0.022701  -0.002504
     15       0.182230   0.002355   0.000644  -0.010850  -0.020418   0.010446
     16       0.182792   0.000033   0.000009  -0.001771  -0.002117   0.001179
     17       0.184786   0.000027   0.000007   0.001158   0.000956  -0.002290
     18       0.185238   0.000044   0.000012   0.003069  -0.000309  -0.001684
     19       0.185367   0.000028   0.000008   0.002226  -0.001672  -0.000037
     20       0.199286   0.135980   0.040648   0.192432   0.059745  -0.006976
     21       0.200582   0.131028   0.039423   0.067246  -0.186813  -0.001275
     22       0.202848   0.008551   0.002602   0.002568  -0.050759   0.004326
     23       0.203733   0.007142   0.002183   0.045443   0.010565  -0.002434
     24       0.204030   0.002571   0.000787   0.019472  -0.020004  -0.002765
     25       0.206073   0.001104   0.000341  -0.008755  -0.005754  -0.015216
     26       0.206610   0.010300   0.003192  -0.002716   0.056371   0.002620
     27       0.206907   0.003762   0.001168  -0.026203  -0.017667  -0.013001
     28       0.207571   0.003780   0.001177   0.012062   0.031927   0.003489
     29       0.208369   0.002238   0.000699   0.023203  -0.012466  -0.002381
     30       0.208603   0.006750   0.002112  -0.039867  -0.005252  -0.022253
     31       0.208932   0.005026   0.001575  -0.036255  -0.013267  -0.009205
     32       0.209165   0.005269   0.001653  -0.037072  -0.011612  -0.011997
     33       0.209729   0.000191   0.000060  -0.006636   0.003395  -0.002107
     34       0.209952   0.000141   0.000044   0.004822   0.004060  -0.002128
     35       0.210347   0.003087   0.000974  -0.029979  -0.007766  -0.003860
     36       0.210927   0.001327   0.000420   0.019362  -0.002479   0.006220
     37       0.211056   0.005885   0.001863  -0.017091   0.039616   0.001202
     38       0.211784   0.002254   0.000716   0.015966  -0.021365   0.002148
     39       0.212155   0.000599   0.000191  -0.008432  -0.010918  -0.000499
     40       0.212879   0.002493   0.000796  -0.007308  -0.026220   0.007434
     41       0.213465   0.004320   0.001383   0.025639   0.026403  -0.005364
     42       0.214524   0.002665   0.000858  -0.002849   0.014281   0.025407
     43       0.215022   0.000858   0.000277   0.009681   0.000961   0.013495
     44       0.215649   0.000319   0.000103  -0.009261   0.000311  -0.004143
     45       0.216030   0.005456   0.001768   0.011861   0.040054   0.004801
     46       0.216968   0.000631   0.000205   0.000461   0.014076   0.002641
     47       0.217431   0.000360   0.000118  -0.006451   0.008523  -0.001802
     48       0.217514   0.001108   0.000361  -0.009608  -0.016020   0.003528
     49       0.217868   0.000777   0.000254   0.009966   0.012188  -0.002437
     50       0.217978   0.000244   0.000080   0.000239   0.008832   0.001273
     51       0.218444   0.001074   0.000352  -0.013199   0.013324  -0.000453
     52       0.219301   0.001268   0.000417   0.004663   0.019884  -0.000039
     53       0.219661   0.000976   0.000322   0.011939  -0.013035   0.003033
     54       0.219952   0.001144   0.000377  -0.013613   0.013562  -0.002843
     55       0.220151   0.000591   0.000195   0.006213  -0.010558   0.006717
     56       0.220427   0.001505   0.000498   0.019867  -0.007698   0.006611
     57       0.221091   0.001023   0.000339   0.016661  -0.007314   0.002853
     58       0.222274   0.001035   0.000345  -0.000126   0.018053   0.004376
     59       0.222637   0.002031   0.000678   0.002863   0.022123   0.013434
# -----------------------------------------------------------
$ CIS_CD
   description: The CIS CD spectrum 
   geom. index: 1
   prop. index: 1
        Number of roots:  60
        The CIS CD Spectrum:
                  0          1          2          3    
      0       0.067821   0.014252  -0.002019  -0.016170
      1      -0.229661   0.055117   0.008838   0.563081
      2       6.401221  -0.299018   0.060817   0.185122
      3       7.143739   0.078218   0.330917  -0.138052
      4       1.038974   0.090121  -0.035897   0.040371
      5      -5.501934  -0.036663   0.094287   0.047358
      6      -1.825330  -0.037522  -0.016085  -0.232488
      7      -0.146240   0.081940   0.027412  -0.099362
      8      -0.028697   0.002060   0.001903   0.000758
      9      -0.005095  -0.000176   0.000676  -0.001847
     10      -0.055682   0.006042  -0.001200  -0.002462
     11      -2.378429   0.048609  -0.028683  -0.039960
     12      -0.020199   0.000884  -0.001650   0.000455
     13     -21.681190   0.033375   0.080536  -0.024618
     14     -29.120575   0.142184  -0.027016   0.031163
     15       1.618631  -0.035557  -0.010956   0.261820
     16      -0.011752  -0.000410   0.001691  -0.004941
     17      -0.045853  -0.001454  -0.001494   0.008003
     18      -0.015307  -0.001423  -0.000262   0.004162
     19       0.001297  -0.001649  -0.000063  -0.000628
     20      10.918259  -0.003240  -0.050087  -0.016727
     21       1.666562  -0.029604  -0.007418   0.018385
     22       5.049556   0.014774   0.045743   0.011218
     23      -1.476792   0.009459   0.017802   0.006874
     24       0.305322   0.000734   0.028043   0.025794
     25      -5.830588  -0.008534   0.005116   0.074068
     26       0.144705   0.072862  -0.005916   0.011224
     27      -7.687605  -0.030261   0.009194   0.069587
     28      -0.101587   0.025573  -0.012071  -0.005765
     29       0.726602  -0.025881  -0.037202   0.051461
     30     -16.342825  -0.034317  -0.019182   0.117024
     31      -2.106347  -0.005121   0.008795   0.041273
     32     -11.157967  -0.011739  -0.035504   0.120626
     33      -0.347094   0.013760  -0.013765   0.028532
     34       0.027297  -0.005039   0.012242  -0.048480
     35      -6.903096  -0.022241  -0.008409   0.087019
     36       3.341296  -0.038174   0.003337   0.016272
     37      -5.180874  -0.038001   0.012942   0.031975
     38       0.284710   0.001263   0.004807  -0.023010
     39       1.505153   0.048464  -0.018882   0.005959
     40       2.853463  -0.099322   0.068386   0.030249
     41       7.854537  -0.044248  -0.031895  -0.018868
     42       1.480176  -0.008931  -0.054394  -0.088212
     43      -2.052615   0.020695  -0.011270  -0.045555
     44      -3.655684  -0.032688  -0.015157   0.009620
     45      17.345466   0.077011  -0.124588  -0.033605
     46       2.671874   0.012391  -0.048218  -0.007711
     47       1.833225   0.011279  -0.052963  -0.016148
     48      -7.177059  -0.038012  -0.078052   0.003230
     49      -7.132985   0.024088   0.085942  -0.012039
     50       0.983872  -0.004002  -0.034186  -0.012273
     51      -2.643010   0.067201  -0.031343  -0.003034
     52      -1.816683   0.044484  -0.017647  -0.031180
     53       0.635897  -0.040736  -0.073628  -0.014853
     54       2.476200   0.055597   0.011366   0.024231
     55       6.535119  -0.062820   0.017858  -0.041577
     56      12.418516  -0.109774  -0.005932  -0.044750
     57       1.974696  -0.036295   0.005080  -0.019022
     58      -2.585237  -0.003504   0.020608  -0.037844
     59     -19.282364  -0.062369   0.034433  -0.100829
# -----------------------------------------------------------
$ Calculation_Info
   description: Details of the calculation
   geom. index: 1
   prop. index: 1
     Multiplicity:                          2
     Charge:                                2
     number of atoms:                       52
     number of electrons:                   0
     number of frozen core electrons:       1
     number of correlated electrons:        0
     number of basis functions:             1011
     number of aux C basis functions:       0
     number of aux J basis functions:       1602
     number of aux JK basis functions:      0
     number of aux CABS basis functions:    0
     Total Energy                           -2801.694742
# -----------------------------------------------------------
$ SCF_Electric_Properties
   description: The SCF Calculated Electric Properties
   geom. index: 1
   prop. index: 1
       Filename                          : KXAS_Cu_II_H2O_APP_E2_opt.scfp 
       Do Dipole Moment Calculation      : true 
       Do Quadrupole Moment Calculation  : false 
       Do Polarizability Calculation     : false 
** Dipole moment part of electric properties **
        Magnitude of dipole moment (Debye) :        2.1035882172
        Electronic Contribution:
                  0    
      0       4.680526
      1      -2.613921
      2       0.479315
        Nuclear Contribution:
                  0    
      0      -4.216305
      1       2.115657
      2      -0.009047
        Total Dipole moment:
                  0    
      0       0.464221
      1      -0.498263
      2       0.470267
# -------------------------------------------------------------
----------------------- !GEOMETRIES! ------------------------
# -------------------------------------------------------------
------------------------ !GEOMETRY! -------------------------
    Number of atoms:    52 
    Geometry Index:     1 
    Coordinates:
               0 C     -0.797476000000   -4.204880000000   -0.102534000000
               1 N      0.394358000000   -4.129457000000   -0.808129000000
               2 C     -1.059430000000   -2.904374000000    0.270141000000
               3 C      0.817468000000   -2.842846000000   -0.841687000000
               4 N     -0.050584000000   -2.068308000000   -0.190985000000
               5 C      4.275831000000   -0.046779000000   -0.465915000000
               6 N      4.149050000000   -0.609100000000    0.796039000000
               7 C      2.980321000000    0.218137000000   -0.857330000000
               8 C      2.836283000000   -0.676091000000    1.131666000000
               9 N      2.099842000000   -0.177227000000    0.140323000000
              10 C     -4.102766000000    0.633595000000    0.007671000000
              11 N     -3.891010000000    0.005078000000   -1.210842000000
              12 C     -2.854471000000    0.687596000000    0.589587000000
              13 C     -2.576700000000   -0.302008000000   -1.336731000000
              14 N     -1.918774000000    0.103236000000   -0.250781000000
              15 C     -0.076477000000    4.164606000000   -0.331611000000
              16 N      0.879704000000    4.000151000000    0.659719000000
              17 C     -0.479207000000    2.883406000000   -0.637983000000
              18 C      1.037418000000    2.679843000000    0.917841000000
              19 N      0.216946000000    1.971050000000    0.142276000000
              20 Cu     0.075136000000   -0.054247000000    0.078319000000
              21 C     -0.485655000000    5.495641000000   -0.861334000000
              22 H     -0.909618000000    6.133402000000   -0.070589000000
              23 H      0.365656000000    6.032553000000   -1.307087000000
              24 H     -1.248459000000    5.371856000000   -1.639398000000
              25 C     -1.531873000000   -5.480522000000    0.128761000000
              26 H     -0.921393000000   -6.202374000000    0.692664000000
              27 H     -2.445068000000   -5.290208000000    0.705447000000
              28 H     -1.824164000000   -5.956605000000   -0.819741000000
              29 C     -5.441462000000    1.100421000000    0.466016000000
              30 H     -5.868952000000    1.843440000000   -0.224543000000
              31 H     -6.155621000000    0.266631000000    0.546546000000
              32 H     -5.358302000000    1.568427000000    1.454279000000
              33 C      5.587767000000    0.173938000000   -1.137046000000
              34 H      6.234023000000    0.845251000000   -0.551013000000
              35 H      6.132129000000   -0.771447000000   -1.284158000000
              36 H      5.433911000000    0.630319000000   -2.122288000000
              37 H     -1.910196000000   -2.523884000000    0.824625000000
              38 H      1.727708000000   -2.515562000000   -1.332469000000
              39 H      2.638238000000    0.674774000000   -1.780282000000
              40 H      2.455709000000   -1.066615000000    2.069396000000
              41 H     -2.577079000000    1.109345000000    1.548832000000
              42 H     -2.151713000000   -0.808021000000   -2.197155000000
              43 H     -1.218670000000    2.569929000000   -1.365563000000
              44 H      1.739850000000    2.282814000000    1.642069000000
              45 H      1.385391000000    4.752854000000    1.121555000000
              46 H      4.920531000000   -0.918614000000    1.383325000000
              47 H      0.874693000000   -4.915968000000   -1.240073000000
              48 H     -4.608778000000   -0.195192000000   -1.904058000000
              49 O     -0.029629000000   -0.429136000000    2.595128000000
              50 H     -0.197092000000    0.213678000000    3.307531000000
              51 H     -0.388807000000   -1.270585000000    2.929471000000
