-------------------------------------------------------------
----------------------- !PROPERTIES! ------------------------
-------------------------------------------------------------
# -----------------------------------------------------------
$ SCF_Energy
   description: The SCF energy
   geom. index: 1
   prop. index: 1
        SCF Energy:    -2725.5434408540
# -----------------------------------------------------------
$ DFT_Energy
   description: The DFT energy
   geom. index: 1
   prop. index: 1
   Number of Alpha Electrons                102.0000065416 
   Number of Beta  Electrons                102.0000065416 
   Total number of  Electrons               204.0000130832 
   Exchange energy                         -167.6414653994 
   Correlation energy                        -8.5960110402 
   Correlation energy NL                      0.0000000000 
   Exchange-Correlation energy             -176.2374764396 
   Embedding correction                       0.0000000000 
   Total DFT Energy (No VdW correction)   -2725.5434408540 
# -----------------------------------------------------------
$ Mayer_Pop
   description: The Mayer population analysis
   geom. index: 1
   prop. index: 1
     Number of atoms                     : 49
     Threshold for printing              : 0.1000000
     Number of bond orders printed       : 52
  NA   - Mulliken gross atomic population
  ZA   - Total nuclear charge
  QA   - Mulliken gross atomic charge
  VA   - Mayer's total valence
  BVA  - Mayer's bonded valence
  FA   - Mayer's free valence
  ATOM       NA         ZA         QA         VA         BVA        FA
  0   0     5.8057     6.0000     0.1943     3.6557     3.6557     0.0000
  1   0     7.2523     7.0000    -0.2523     3.3950     3.3950     0.0000
  2   0     6.1766     6.0000    -0.1766     4.0453     4.0453    -0.0000
  3   0     5.9704     6.0000     0.0296     3.9216     3.9216    -0.0000
  4   0     7.1282     7.0000    -0.1282     3.2256     3.2256     0.0000
  5   0     5.7925     6.0000     0.2075     3.6423     3.6423    -0.0000
  6   0     7.2533     7.0000    -0.2533     3.4011     3.4011     0.0000
  7   0     6.1924     6.0000    -0.1924     3.9923     3.9923     0.0000
  8   0     5.9739     6.0000     0.0261     3.9647     3.9647    -0.0000
  9   0     7.1299     7.0000    -0.1299     3.2198     3.2198     0.0000
 10   0     5.7902     6.0000     0.2098     3.6401     3.6401     0.0000
 11   0     7.2547     7.0000    -0.2547     3.4027     3.4027     0.0000
 12   0     6.1936     6.0000    -0.1936     3.9893     3.9893     0.0000
 13   0     5.9746     6.0000     0.0254     3.9637     3.9637     0.0000
 14   0     7.1331     7.0000    -0.1331     3.2124     3.2124    -0.0000
 15   0     5.8060     6.0000     0.1940     3.6536     3.6536    -0.0000
 16   0     7.2532     7.0000    -0.2532     3.3951     3.3951     0.0000
 17   0     6.1789     6.0000    -0.1789     4.0458     4.0458    -0.0000
 18   0     5.9693     6.0000     0.0307     3.9230     3.9230     0.0000
 19   0     7.1300     7.0000    -0.1300     3.2226     3.2226     0.0000
 20   0    28.9661    29.0000     0.0339     2.0454     2.0454     0.0000
 21   0     6.3831     6.0000    -0.3831     3.8558     3.8558     0.0000
 22   0     0.8596     1.0000     0.1404     0.9529     0.9529     0.0000
 23   0     0.8600     1.0000     0.1400     0.9528     0.9528     0.0000
 24   0     0.8609     1.0000     0.1391     0.9675     0.9675    -0.0000
 25   0     6.3821     6.0000    -0.3821     3.8555     3.8555    -0.0000
 26   0     0.8599     1.0000     0.1401     0.9528     0.9528    -0.0000
 27   0     0.8610     1.0000     0.1390     0.9675     0.9675    -0.0000
 28   0     0.8590     1.0000     0.1410     0.9529     0.9529     0.0000
 29   0     6.3828     6.0000    -0.3828     3.8535     3.8535    -0.0000
 30   0     0.8587     1.0000     0.1413     0.9530     0.9530     0.0000
 31   0     0.8598     1.0000     0.1402     0.9528     0.9528    -0.0000
 32   0     0.8605     1.0000     0.1395     0.9670     0.9670     0.0000
 33   0     6.3827     6.0000    -0.3827     3.8531     3.8531    -0.0000
 34   0     0.8589     1.0000     0.1411     0.9530     0.9530    -0.0000
 35   0     0.8590     1.0000     0.1410     0.9529     0.9529    -0.0000
 36   0     0.8602     1.0000     0.1398     0.9668     0.9668    -0.0000
 37   0     0.8625     1.0000     0.1375     0.9717     0.9717    -0.0000
 38   0     0.8353     1.0000     0.1647     0.9750     0.9750     0.0000
 39   0     0.8600     1.0000     0.1400     0.9822     0.9822     0.0000
 40   0     0.8347     1.0000     0.1653     0.9674     0.9674     0.0000
 41   0     0.8594     1.0000     0.1406     0.9808     0.9808     0.0000
 42   0     0.8320     1.0000     0.1680     0.9661     0.9661     0.0000
 43   0     0.8570     1.0000     0.1430     0.9698     0.9698    -0.0000
 44   0     0.8362     1.0000     0.1638     0.9750     0.9750     0.0000
 45   0     0.7627     1.0000     0.2373     0.9499     0.9499     0.0000
 46   0     0.7620     1.0000     0.2380     0.9497     0.9497     0.0000
 47   0     0.7622     1.0000     0.2378     0.9497     0.9497    -0.0000
 48   0     0.7625     1.0000     0.2375     0.9499     0.9499     0.0000
      Bond orders larger than 0.1000000
           Atom A     A.N. of A          Atom B    A.N. of B              Bond order
                0             6               1            7                1.134992
                0             6               2            6                1.621003
                0             6              25            6                0.889943
                1             7               3            6                1.257285
                1             7              47            1                0.913610
                2             6               4            7                1.257412
                2             6              37            1                0.971022
                3             6               4            7                1.516158
                3             6              38            1                0.949669
                4             7              20           29                0.444847
                5             6               6            7                1.138255
                5             6               7            6                1.615185
                5             6              33            6                0.891166
                6             7               8            6                1.258919
                6             7              46            1                0.913743
                7             6               9            7                1.222414
                7             6              39            1                0.976609
                8             6               9            7                1.551201
                8             6              40            1                0.947098
                9             7              20           29                0.443071
               10             6              11            7                1.138249
               10             6              12            6                1.613325
               10             6              29            6                0.891092
               11             7              13            6                1.259454
               11             7              48            1                0.913911
               12             6              14            7                1.219396
               12             6              41            1                0.976856
               13             6              14            7                1.551130
               13             6              42            1                0.945977
               14             7              20           29                0.436153
               15             6              16            7                1.134762
               15             6              17            6                1.620395
               15             6              21            6                0.889378
               16             7              18            6                1.256786
               16             7              45            1                0.913801
               17             6              19            7                1.259704
               17             6              43            1                0.969193
               18             6              19            7                1.516338
               18             6              44            1                0.950226
               19             7              20           29                0.438992
               21             6              22            1                0.963239
               21             6              23            1                0.962757
               21             6              24            1                0.990174
               25             6              26            1                0.963043
               25             6              27            1                0.990156
               25             6              28            1                0.962695
               29             6              30            1                0.962786
               29             6              31            1                0.961599
               29             6              32            1                0.990832
               33             6              34            1                0.961981
               33             6              35            1                0.962269
               33             6              36            1                0.990705
# -----------------------------------------------------------
$ CIS_ABS
   description: The CIS absorption spectrum 
   geom. index: 1
   prop. index: 1
        Number of roots:  60
        The CIS Absorption Spectrum :
                  0          1          2          3          4          5    
      0       0.135964   0.000000   0.000000  -0.000000  -0.000000  -0.000000
      1       0.136598   0.000000   0.000000  -0.000000   0.000000  -0.000000
      2       0.138282   0.000000   0.000000   0.000000   0.000000   0.000000
      3       0.139303   0.000000   0.000000   0.000000  -0.000000   0.000000
      4       0.139802   0.000000   0.000000  -0.000000   0.000000  -0.000000
      5       0.140203   0.003881   0.041519  -0.159552   0.088172  -0.091038
      6       0.140237   0.000000   0.000000   0.000000  -0.000000   0.000000
      7       0.140629   0.000000   0.000000  -0.000000   0.000000  -0.000000
      8       0.140739   0.000844   0.008997   0.051638  -0.027558   0.074640
      9       0.141744   0.000000   0.000000   0.000000  -0.000000  -0.000000
     10       0.142427   0.000503   0.005302  -0.031985  -0.052295   0.039291
     11       0.143427   0.000000   0.000000  -0.000000   0.000000   0.000000
     12       0.143669   0.000000   0.000000   0.000000   0.000000  -0.000000
     13       0.144018   0.002323   0.024190  -0.036794  -0.041818   0.145215
     14       0.144710   0.001313   0.013613   0.073499   0.089790   0.012183
     15       0.144955   0.018993   0.196536   0.441550   0.026299  -0.029639
     16       0.145275   0.005071   0.052362   0.116809   0.032036   0.194144
     17       0.145797   0.000000   0.000000   0.000000   0.000000   0.000000
     18       0.146391   0.002637   0.027023   0.016980   0.162997   0.012900
     19       0.146626   0.000000   0.000000   0.000000   0.000000   0.000000
     20       0.147035   0.012124   0.123689  -0.147219   0.080273   0.309146
     21       0.148321   0.021085   0.213234   0.039761  -0.458983  -0.031421
     22       0.149982   0.024661   0.246643  -0.189090   0.205174  -0.410843
     23       0.152076   0.006224   0.061392   0.033684  -0.042507  -0.241765
     24       0.157695   0.000000   0.000000  -0.000000   0.000000   0.000000
     25       0.158587   0.000000   0.000000   0.000000   0.000000   0.000000
     26       0.160040   0.000000   0.000000  -0.000000  -0.000000  -0.000000
     27       0.161206   0.000000   0.000000   0.000000   0.000000   0.000000
     28       0.161845   0.000000   0.000000  -0.000000  -0.000000   0.000000
     29       0.162015   0.000000   0.000000   0.000000   0.000000  -0.000000
     30       0.163628   0.003788   0.034727   0.106259   0.022167  -0.151474
     31       0.163799   0.003003   0.027502   0.019336  -0.164581   0.006456
     32       0.163947   0.006315   0.057778  -0.002974  -0.204570   0.126177
     33       0.164264   0.000000   0.000000  -0.000000   0.000000   0.000000
     34       0.164489   0.004219   0.038473  -0.124878   0.094150   0.118383
     35       0.164706   0.000000   0.000000  -0.000000   0.000000   0.000000
     36       0.164808   0.000000   0.000000  -0.000000   0.000000   0.000000
     37       0.166494   0.004048   0.036469   0.156643  -0.029129   0.105279
     38       0.166718   0.000000   0.000000  -0.000000   0.000000   0.000000
     39       0.167668   0.000000   0.000000  -0.000000   0.000000   0.000000
     40       0.167690   0.008118   0.072618  -0.242372   0.117726  -0.003737
     41       0.168353   0.007442   0.066311   0.103877  -0.027342  -0.234037
     42       0.168865   0.000000   0.000000   0.000000   0.000000  -0.000000
     43       0.168991   0.008319   0.073846  -0.203444  -0.165173   0.071932
     44       0.169354   0.011929   0.105660   0.034080   0.322626  -0.020282
     45       0.169604   0.000000   0.000000   0.000000   0.000000  -0.000000
     46       0.170321   0.000000   0.000000   0.000000   0.000000  -0.000000
     47       0.170837   0.000000   0.000000   0.000000  -0.000000   0.000000
     48       0.171107   0.024041   0.210757  -0.283412  -0.107975  -0.344639
     49       0.173416   0.000203   0.001755  -0.000172   0.009102   0.040896
     50       0.174628   0.000000   0.000000   0.000000   0.000000  -0.000000
     51       0.175938   0.000000   0.000000   0.000000   0.000000  -0.000000
     52       0.177021   0.000000   0.000000   0.000000   0.000000  -0.000000
     53       0.177169   0.000182   0.001540   0.006581   0.019096   0.033643
     54       0.177304   0.000000   0.000000  -0.000000  -0.000000  -0.000000
     55       0.177868   0.005739   0.048396  -0.183196  -0.051378  -0.110432
     56       0.178257   0.000000   0.000000   0.000000  -0.000000   0.000000
     57       0.178551   0.000000   0.000000   0.000000   0.000000   0.000000
     58       0.178576   0.001197   0.010052  -0.009870  -0.005264  -0.099634
     59       0.178615   0.000000   0.000000   0.000000   0.000000   0.000000
        The CIS Absorption Spectrum (Velocity):
                  0          1          2          3          4          5    
      0       0.135964   0.000000   0.000000  -0.000000   0.000000  -0.000000
      1       0.136598   0.000000   0.000000   0.000000  -0.000000   0.000000
      2       0.138282   0.000000   0.000000  -0.000000  -0.000000   0.000000
      3       0.139303   0.000000   0.000000  -0.000000  -0.000000  -0.000000
      4       0.139802   0.000000   0.000000   0.000000   0.000000  -0.000000
      5       0.140203   0.003520   0.000740   0.022821  -0.014074  -0.004631
      6       0.140237   0.000000   0.000000  -0.000000   0.000000   0.000000
      7       0.140629   0.000000   0.000000  -0.000000   0.000000  -0.000000
      8       0.140739   0.000647   0.000137   0.004681  -0.003043   0.010271
      9       0.141744   0.000000   0.000000   0.000000   0.000000   0.000000
     10       0.142427   0.002198   0.000470  -0.001308  -0.020029  -0.008164
     11       0.143427   0.000000   0.000000   0.000000  -0.000000   0.000000
     12       0.143669   0.000000   0.000000   0.000000   0.000000  -0.000000
     13       0.144018   0.000854   0.000185  -0.003438  -0.003442   0.012685
     14       0.144710   0.000614   0.000133  -0.009961   0.000504  -0.005818
     15       0.144955   0.005221   0.001135  -0.031665   0.011251   0.002426
     16       0.145275   0.004791   0.001044  -0.026780   0.016421  -0.007567
     17       0.145797   0.000000   0.000000  -0.000000   0.000000   0.000000
     18       0.146391   0.001465   0.000322  -0.006354  -0.015673  -0.005967
     19       0.146626   0.000000   0.000000  -0.000000  -0.000000  -0.000000
     20       0.147035   0.002916   0.000643   0.011707  -0.002107  -0.022395
     21       0.148321   0.006150   0.001368   0.023370   0.026649   0.010579
     22       0.149982   0.003941   0.000887  -0.000599  -0.029430   0.004483
     23       0.152076   0.004418   0.001008  -0.019407  -0.009780   0.023142
     24       0.157695   0.000000   0.000000  -0.000000  -0.000000   0.000000
     25       0.158587   0.000000   0.000000  -0.000000  -0.000000  -0.000000
     26       0.160040   0.000000   0.000000   0.000000   0.000000   0.000000
     27       0.161206   0.000000   0.000000  -0.000000  -0.000000  -0.000000
     28       0.161845   0.000000   0.000000   0.000000   0.000000  -0.000000
     29       0.162015   0.000000   0.000000   0.000000  -0.000000   0.000000
     30       0.163628   0.009591   0.002354  -0.028469   0.001142   0.039272
     31       0.163799   0.008521   0.002094   0.000750   0.045599  -0.003710
     32       0.163947   0.003219   0.000792   0.015716   0.021380   0.009361
     33       0.164264   0.000000   0.000000   0.000000  -0.000000  -0.000000
     34       0.164489   0.000882   0.000218   0.010743  -0.002752  -0.009732
     35       0.164706   0.000000   0.000000   0.000000  -0.000000  -0.000000
     36       0.164808   0.000000   0.000000   0.000000  -0.000000  -0.000000
     37       0.166494   0.008135   0.002032  -0.038394   0.006058  -0.022821
     38       0.166718   0.000000   0.000000   0.000000  -0.000000  -0.000000
     39       0.167668   0.000000   0.000000   0.000000  -0.000000  -0.000000
     40       0.167690   0.002126   0.000535   0.016902  -0.012607  -0.009501
     41       0.168353   0.002026   0.000512  -0.017585  -0.000288   0.014224
     42       0.168865   0.000000   0.000000  -0.000000  -0.000000  -0.000000
     43       0.168991   0.003167   0.000803   0.028080   0.000887   0.003685
     44       0.169354   0.002973   0.000755  -0.015853  -0.020374  -0.009425
     45       0.169604   0.000000   0.000000  -0.000000   0.000000   0.000000
     46       0.170321   0.000000   0.000000  -0.000000  -0.000000   0.000000
     47       0.170837   0.000000   0.000000  -0.000000   0.000000   0.000000
     48       0.171107   0.005548   0.001424   0.031458  -0.014509   0.014959
     49       0.173416   0.002773   0.000721  -0.019411  -0.014792   0.011213
     50       0.174628   0.000000   0.000000   0.000000   0.000000   0.000000
     51       0.175938   0.000000   0.000000  -0.000000  -0.000000   0.000000
     52       0.177021   0.000000   0.000000  -0.000000   0.000000   0.000000
     53       0.177169   0.000331   0.000088  -0.003120   0.003448   0.008146
     54       0.177304   0.000000   0.000000  -0.000000  -0.000000  -0.000000
     55       0.177868   0.005167   0.001379   0.021102   0.005051   0.030130
     56       0.178257   0.000000   0.000000  -0.000000   0.000000   0.000000
     57       0.178551   0.000000   0.000000  -0.000000   0.000000  -0.000000
     58       0.178576   0.000979   0.000262   0.006839  -0.008058   0.012271
     59       0.178615   0.000000   0.000000  -0.000000   0.000000  -0.000000
# -----------------------------------------------------------
$ CIS_CD
   description: The CIS CD spectrum 
   geom. index: 1
   prop. index: 1
        Number of roots:  60
        The CIS CD Spectrum:
                  0          1          2          3    
      0       0.000000   0.000000   0.000000  -0.000000
      1       0.000000  -0.000000   0.000000   0.000000
      2       0.000000  -0.000000  -0.000000   0.000000
      3       0.000000   0.000000  -0.000000   0.000000
      4       0.000000   0.000000  -0.000000  -0.000000
      5       2.637068  -0.020017   0.019833  -0.007151
      6       0.000000   0.000000  -0.000000  -0.000000
      7       0.000000   0.000000   0.000000  -0.000000
      8       1.384075  -0.024376   0.002294   0.057044
      9      -0.000000   0.000000   0.000000   0.000000
     10       0.621802  -0.003943  -0.003394   0.025841
     11      -0.000000   0.000000   0.000000   0.000000
     12      -0.000000   0.000000  -0.000000   0.000000
     13      -1.042175  -0.002051   0.009147  -0.013109
     14       2.456991   0.008810   0.051958  -0.008316
     15       2.255718   0.010387  -0.001484  -0.008000
     16      -0.045027  -0.015404  -0.013533   0.011009
     17      -0.000000  -0.000000   0.000000   0.000000
     18       0.928363   0.006302   0.013121  -0.021440
     19      -0.000000  -0.000000   0.000000  -0.000000
     20      -3.241078  -0.010882  -0.032921  -0.018872
     21      -2.884710   0.015982   0.013997   0.010492
     22       4.198372  -0.001275  -0.012753  -0.027458
     23      -7.432887   0.039544  -0.004451   0.071504
     24      -0.000000   0.000000  -0.000000   0.000000
     25       0.000000   0.000000   0.000000   0.000000
     26      -0.000000   0.000000   0.000000   0.000000
     27       0.000000   0.000000  -0.000000  -0.000000
     28      -0.000000  -0.000000  -0.000000  -0.000000
     29      -0.000000  -0.000000  -0.000000  -0.000000
     30      -0.875099   0.012560   0.019441   0.023910
     31      -0.340815   0.008105   0.006131   0.020059
     32       5.473623   0.054603  -0.077789  -0.032817
     33       0.000000  -0.000000  -0.000000   0.000000
     34       3.403660  -0.013278  -0.016467   0.060075
     35       0.000000  -0.000000  -0.000000   0.000000
     36       0.000000  -0.000000  -0.000000   0.000000
     37      -0.455899  -0.008246   0.038643   0.013776
     38       0.000000  -0.000000  -0.000000   0.000000
     39      -0.000000   0.000000   0.000000   0.000000
     40      -5.082972   0.045675   0.002686   0.007363
     41      -5.313882  -0.048804  -0.063188   0.033881
     42       0.000000   0.000000  -0.000000   0.000000
     43       0.841652  -0.038434   0.006374  -0.069246
     44       2.090306  -0.019123   0.013089  -0.042526
     45       0.000000   0.000000   0.000000   0.000000
     46      -0.000000   0.000000  -0.000000   0.000000
     47       0.000000   0.000000   0.000000   0.000000
     48       3.867224   0.006338  -0.049864  -0.013391
     49       0.344746  -0.071776   0.016603   0.013884
     50       0.000000   0.000000   0.000000  -0.000000
     51      -0.000000  -0.000000  -0.000000   0.000000
     52      -0.000000  -0.000000  -0.000000   0.000000
     53       0.249866   0.034413  -0.006024   0.012441
     54       0.000000  -0.000000  -0.000000  -0.000000
     55       2.619859  -0.005456  -0.089221   0.000241
     56       0.000000   0.000000  -0.000000  -0.000000
     57       0.000000   0.000000  -0.000000   0.000000
     58       0.986528  -0.015104   0.027876  -0.020979
     59       0.000000   0.000000  -0.000000   0.000000
# -----------------------------------------------------------
$ Calculation_Info
   description: Details of the calculation
   geom. index: 1
   prop. index: 1
     Multiplicity:                          1
     Charge:                                1
     number of atoms:                       49
     number of electrons:                   0
     number of frozen core electrons:       1
     number of correlated electrons:        0
     number of basis functions:             967
     number of aux C basis functions:       0
     number of aux J basis functions:       1531
     number of aux JK basis functions:      0
     number of aux CABS basis functions:    0
     Total Energy                           -2725.407477
# -----------------------------------------------------------
$ SCF_Electric_Properties
   description: The SCF Calculated Electric Properties
   geom. index: 1
   prop. index: 1
       Filename                          : KXAS_Cu_I_APP_E2_opt.scfp 
       Do Dipole Moment Calculation      : true 
       Do Quadrupole Moment Calculation  : false 
       Do Polarizability Calculation     : false 
** Dipole moment part of electric properties **
        Magnitude of dipole moment (Debye) :        2.1207906446
        Electronic Contribution:
                  0    
      0      -3.746906
      1      -4.091232
      2       5.382018
        Nuclear Contribution:
                  0    
      0       3.321905
      1       3.708101
      2      -4.774769
        Total Dipole moment:
                  0    
      0      -0.425002
      1      -0.383131
      2       0.607249
# -------------------------------------------------------------
----------------------- !GEOMETRIES! ------------------------
# -------------------------------------------------------------
------------------------ !GEOMETRY! -------------------------
    Number of atoms:    49 
    Geometry Index:     1 
    Coordinates:
               0 C      2.601459000000   -3.425775000000   -0.046785000000
               1 N      2.684726000000   -3.071257000000    1.290644000000
               2 C      1.693400000000   -2.537737000000   -0.581551000000
               3 C      1.851354000000   -2.013702000000    1.514105000000
               4 N      1.232377000000   -1.664380000000    0.391529000000
               5 C     -4.256230000000   -0.554417000000    0.968266000000
               6 N     -3.723694000000   -1.654561000000    1.621517000000
               7 C     -3.162995000000    0.078473000000    0.415861000000
               8 C     -2.370241000000   -1.652337000000    1.448728000000
               9 N     -1.996029000000   -0.608552000000    0.718349000000
              10 C      2.052141000000    3.030320000000    2.095485000000
              11 N      0.756482000000    3.267092000000    2.526669000000
              12 C      1.946772000000    1.917103000000    1.288958000000
              13 C     -0.063989000000    2.321228000000    1.984757000000
              14 N      0.630658000000    1.483115000000    1.224668000000
              15 C      0.155588000000    1.539203000000   -3.812124000000
              16 N     -0.708374000000    0.473917000000   -4.012672000000
              17 C      0.460549000000    1.486215000000   -2.469297000000
              18 C     -0.891881000000   -0.168380000000   -2.822549000000
              19 N     -0.192628000000    0.425035000000   -1.861485000000
              20 Cu    -0.088375000000   -0.109332000000    0.125221000000
              21 C      0.580327000000    2.463901000000   -4.902280000000
              22 H      1.109928000000    1.932285000000   -5.708732000000
              23 H     -0.276748000000    2.988763000000   -5.353270000000
              24 H      1.262349000000    3.223417000000   -4.500035000000
              25 C      3.383723000000   -4.544970000000   -0.646276000000
              26 H      3.146968000000   -5.511392000000   -0.173605000000
              27 H      3.150374000000   -4.630466000000   -1.714942000000
              28 H      4.469316000000   -4.383229000000   -0.552901000000
              29 C      3.214040000000    3.876511000000    2.493126000000
              30 H      3.090133000000    4.922320000000    2.170045000000
              31 H      3.366341000000    3.879198000000    3.584105000000
              32 H      4.130635000000    3.490941000000    2.029329000000
              33 C     -5.714471000000   -0.242415000000    0.947211000000
              34 H     -6.300584000000   -1.050422000000    0.481364000000
              35 H     -6.114872000000   -0.080279000000    1.960525000000
              36 H     -5.890469000000    0.673180000000    0.368742000000
              37 H      1.350604000000   -2.468815000000   -1.609064000000
              38 H      1.736442000000   -1.534671000000    2.481331000000
              39 H     -3.145633000000    0.981513000000   -0.186556000000
              40 H     -1.712738000000   -2.413643000000    1.856306000000
              41 H      2.737884000000    1.400859000000    0.753857000000
              42 H     -1.133106000000    2.279279000000    2.167549000000
              43 H      1.106537000000    2.149647000000   -1.902955000000
              44 H     -1.532689000000   -1.036197000000   -2.702353000000
              45 H     -1.134221000000    0.215731000000   -4.897833000000
              46 H     -4.253951000000   -2.349068000000    2.139462000000
              47 H      3.272073000000   -3.520907000000    1.986661000000
              48 H      0.466392000000    4.020391000000    3.143214000000
