  5000.00       0.000000       0.000000       0.000000       0.000000
  5034.21       0.000000       0.000000       0.000000       0.000000
  5068.43       0.000000       0.000000       0.000000       0.000000
  5102.64       0.000000       0.000000       0.000000       0.000000
  5136.85       0.000000       0.000000       0.000000       0.000000
  5171.07       0.000000       0.000000       0.000000       0.000000
  5205.28       0.000000       0.000000       0.000000       0.000000
  5239.49       0.000000       0.000000       0.000000       0.000000
  5273.70       0.000000       0.000000       0.000000       0.000000
  5307.92       0.000000       0.000000       0.000000       0.000000
  5342.13       0.000000       0.000000       0.000000       0.000000
  5376.34       0.000000       0.000000       0.000000       0.000000
  5410.56       0.000000       0.000000       0.000000       0.000000
  5444.77       0.000000       0.000000       0.000000       0.000000
  5478.98       0.000000       0.000000       0.000000       0.000000
  5513.20       0.000000       0.000000       0.000000       0.000000
  5547.41       0.000000       0.000000       0.000000       0.000000
  5581.62       0.000000       0.000000       0.000000       0.000000
  5615.84       0.000000       0.000000       0.000000       0.000000
  5650.05       0.000000       0.000000       0.000000       0.000000
  5684.26       0.000000       0.000000       0.000000       0.000000
  5718.48       0.000000       0.000000       0.000000       0.000000
  5752.69       0.000000       0.000000       0.000000       0.000000
  5786.90       0.000000       0.000000       0.000000       0.000000
  5821.11       0.000000       0.000000       0.000000       0.000000
  5855.33       0.000000       0.000000       0.000000       0.000000
  5889.54       0.000000       0.000000       0.000000       0.000000
  5923.75       0.000000       0.000000       0.000000       0.000000
  5957.97       0.000000       0.000000       0.000000       0.000000
  5992.18       0.000000       0.000000       0.000000       0.000000
  6026.39       0.000000       0.000000       0.000000       0.000000
  6060.61       0.000000       0.000000       0.000000       0.000000
  6094.82       0.000000       0.000000       0.000000       0.000000
  6129.03       0.000000       0.000000       0.000000       0.000000
  6163.25       0.000000       0.000000       0.000000       0.000000
  6197.46       0.000000       0.000000       0.000000       0.000000
  6231.67       0.000000       0.000000       0.000000       0.000000
  6265.88       0.000000       0.000000       0.000000       0.000000
  6300.10       0.000000       0.000000       0.000000       0.000000
  6334.31       0.000000       0.000000       0.000000       0.000000
  6368.52       0.000000       0.000000       0.000000       0.000000
  6402.74       0.000000       0.000000       0.000000       0.000000
  6436.95       0.000000       0.000000       0.000000       0.000000
  6471.16       0.000000       0.000000       0.000000       0.000000
  6505.38       0.000000       0.000000       0.000000       0.000000
  6539.59       0.000000       0.000000       0.000000       0.000000
  6573.80       0.000000       0.000000       0.000000       0.000000
  6608.02       0.000000       0.000000       0.000000       0.000000
  6642.23       0.000000       0.000000       0.000000       0.000000
  6676.44       0.000000       0.000000       0.000000       0.000000
  6710.65       0.000000       0.000000       0.000000       0.000000
  6744.87       0.000000       0.000000       0.000000       0.000000
  6779.08       0.000000       0.000000       0.000000       0.000000
  6813.29       0.000000       0.000000       0.000000       0.000000
  6847.51       0.000000       0.000000       0.000000       0.000000
  6881.72       0.000000       0.000000       0.000000       0.000000
  6915.93       0.000000       0.000000       0.000000       0.000000
  6950.15       0.000000       0.000000       0.000000       0.000000
  6984.36       0.000000       0.000000       0.000000       0.000000
  7018.57       0.000000       0.000000       0.000000       0.000000
  7052.79       0.000000       0.000000       0.000000       0.000000
  7087.00       0.000000       0.000000       0.000000       0.000000
  7121.21       0.000000       0.000000       0.000000       0.000000
  7155.43       0.000000       0.000000       0.000000       0.000000
  7189.64       0.000000       0.000000       0.000000       0.000000
  7223.85       0.000000       0.000000       0.000000       0.000000
  7258.06       0.000000       0.000000       0.000000       0.000000
  7292.28       0.000000       0.000000       0.000000       0.000000
  7326.49       0.000000       0.000000       0.000000       0.000000
  7360.70       0.000000       0.000000       0.000000       0.000000
  7394.92       0.000000       0.000000       0.000000       0.000000
  7429.13       0.000000       0.000000       0.000000       0.000000
  7463.34       0.000000       0.000000       0.000000       0.000000
  7497.56       0.000000       0.000000       0.000000       0.000000
  7531.77       0.000000       0.000000       0.000000       0.000000
  7565.98       0.000000       0.000000       0.000000       0.000000
  7600.20       0.000000       0.000000       0.000000       0.000000
  7634.41       0.000000       0.000000       0.000000       0.000000
  7668.62       0.000000       0.000000       0.000000       0.000000
  7702.83       0.000000       0.000000       0.000000       0.000000
  7737.05       0.000000       0.000000       0.000000       0.000000
  7771.26       0.000000       0.000000       0.000000       0.000000
  7805.47       0.000000       0.000000       0.000000       0.000000
  7839.69       0.000000       0.000000       0.000000       0.000000
  7873.90       0.000000       0.000000       0.000000       0.000000
  7908.11       0.000000       0.000000       0.000000       0.000000
  7942.33       0.000000       0.000000       0.000000       0.000000
  7976.54       0.000000       0.000000       0.000000       0.000000
  8010.75       0.000000       0.000000       0.000000       0.000000
  8044.97       0.000000       0.000000       0.000000       0.000000
  8079.18       0.000000       0.000000       0.000000       0.000000
  8113.39       0.000000       0.000000       0.000000       0.000000
  8147.61       0.000000       0.000000       0.000000       0.000000
  8181.82       0.000000       0.000000       0.000000       0.000000
  8216.03       0.000000       0.000000       0.000000       0.000000
  8250.24       0.000000       0.000000       0.000000       0.000000
  8284.46       0.000000       0.000000       0.000000       0.000000
  8318.67       0.000000       0.000000       0.000000       0.000000
  8352.88       0.000000       0.000000       0.000000       0.000000
  8387.10       0.000000       0.000000       0.000000       0.000000
  8421.31       0.000000       0.000000       0.000000       0.000000
  8455.52       0.000000       0.000000       0.000000       0.000000
  8489.74       0.000000       0.000000       0.000000       0.000000
  8523.95       0.000000       0.000000       0.000000       0.000000
  8558.16       0.000000       0.000000       0.000000       0.000000
  8592.38       0.000000       0.000000       0.000000       0.000000
  8626.59       0.000000       0.000000       0.000000       0.000000
  8660.80       0.000000       0.000000       0.000000       0.000000
  8695.01       0.000000       0.000000       0.000000       0.000000
  8729.23       0.000000       0.000000       0.000000       0.000000
  8763.44       0.000000       0.000000       0.000000       0.000000
  8797.65       0.000000       0.000000       0.000000       0.000000
  8831.87       0.000000       0.000000       0.000000       0.000000
  8866.08       0.000000       0.000000       0.000000       0.000000
  8900.29       0.000000       0.000000       0.000000       0.000000
  8934.51       0.000000       0.000000       0.000000       0.000000
  8968.72       0.000000       0.000000       0.000000       0.000000
  9002.93       0.000000       0.000000       0.000000       0.000000
  9037.15       0.000000       0.000000       0.000000       0.000000
  9071.36       0.000000       0.000000       0.000000       0.000000
  9105.57       0.000000       0.000000       0.000000       0.000000
  9139.78       0.000000       0.000000       0.000000       0.000000
  9174.00       0.000000       0.000000       0.000000       0.000000
  9208.21       0.000000       0.000000       0.000000       0.000000
  9242.42       0.000000       0.000000       0.000000       0.000000
  9276.64       0.000000       0.000000       0.000000       0.000000
  9310.85       0.000000       0.000000       0.000000       0.000000
  9345.06       0.000000       0.000000       0.000000       0.000000
  9379.28       0.000000       0.000000       0.000000       0.000000
  9413.49       0.000000       0.000000       0.000000       0.000000
  9447.70       0.000000       0.000000       0.000000       0.000000
  9481.92       0.000000       0.000000       0.000000       0.000000
  9516.13       0.000000       0.000000       0.000000       0.000000
  9550.34       0.000000       0.000000       0.000000       0.000000
  9584.56       0.000000       0.000000       0.000000       0.000000
  9618.77       0.000000       0.000000       0.000000       0.000000
  9652.98       0.000000       0.000000       0.000000       0.000000
  9687.19       0.000000       0.000000       0.000000       0.000000
  9721.41       0.000000       0.000000       0.000000       0.000000
  9755.62       0.000000       0.000000       0.000000       0.000000
  9789.83       0.000000       0.000000       0.000000       0.000000
  9824.05       0.000000       0.000000       0.000000       0.000000
  9858.26       0.000000       0.000000       0.000000       0.000000
  9892.47       0.000000       0.000000       0.000000       0.000000
  9926.69       0.000000       0.000000       0.000000       0.000000
  9960.90       0.000000       0.000000       0.000000       0.000000
  9995.11       0.000000       0.000000       0.000000       0.000000
 10029.33       0.000000       0.000000       0.000000       0.000000
 10063.54       0.000000       0.000000       0.000000       0.000000
 10097.75       0.000000       0.000000       0.000000       0.000000
 10131.96       0.000000       0.000000       0.000000       0.000000
 10166.18       0.000000       0.000000       0.000000       0.000000
 10200.39       0.000000       0.000000       0.000000       0.000000
 10234.60       0.000000       0.000000       0.000000       0.000000
 10268.82       0.000000       0.000000       0.000000       0.000000
 10303.03       0.000000       0.000000       0.000000       0.000000
 10337.24       0.000000       0.000000       0.000000       0.000000
 10371.46       0.000000       0.000000       0.000000       0.000000
 10405.67       0.000000       0.000000       0.000000       0.000000
 10439.88       0.000000       0.000000       0.000000       0.000000
 10474.10       0.000000       0.000000       0.000000       0.000000
 10508.31       0.000000       0.000000       0.000000       0.000000
 10542.52       0.000000       0.000000       0.000000       0.000000
 10576.74       0.000000       0.000000       0.000000       0.000000
 10610.95       0.000000       0.000000       0.000000       0.000000
 10645.16       0.000000       0.000000       0.000000       0.000000
 10679.37       0.000000       0.000000       0.000000       0.000000
 10713.59       0.000000       0.000000       0.000000       0.000000
 10747.80       0.000000       0.000000       0.000000       0.000000
 10782.01       0.000000       0.000000       0.000000       0.000000
 10816.23       0.000000       0.000000       0.000000       0.000000
 10850.44       0.000000       0.000000       0.000000       0.000000
 10884.65       0.000000       0.000000       0.000000       0.000000
 10918.87       0.000000       0.000000       0.000000       0.000000
 10953.08       0.000000       0.000000       0.000000       0.000000
 10987.29       0.000000       0.000000       0.000000       0.000000
 11021.51       0.000000       0.000000       0.000000       0.000000
 11055.72       0.000000       0.000000       0.000000       0.000000
 11089.93       0.000000       0.000000       0.000000       0.000000
 11124.14       0.000000       0.000000       0.000000       0.000000
 11158.36       0.000000       0.000000       0.000000       0.000000
 11192.57       0.000000       0.000000       0.000000       0.000000
 11226.78       0.000000       0.000000       0.000000       0.000000
 11261.00       0.000000       0.000000       0.000000       0.000000
 11295.21       0.000000       0.000000       0.000000       0.000000
 11329.42       0.000000       0.000000       0.000000       0.000000
 11363.64       0.000000       0.000000       0.000000       0.000000
 11397.85       0.000000       0.000000       0.000000       0.000000
 11432.06       0.000000       0.000000       0.000000       0.000000
 11466.28       0.000000       0.000000       0.000000       0.000000
 11500.49       0.000000       0.000000       0.000000       0.000000
 11534.70       0.000000       0.000000       0.000000       0.000000
 11568.91       0.000000       0.000000       0.000000       0.000000
 11603.13       0.000000       0.000000       0.000000       0.000000
 11637.34       0.000000       0.000000       0.000000       0.000000
 11671.55       0.000000       0.000000       0.000000       0.000000
 11705.77       0.000000       0.000000       0.000000       0.000000
 11739.98       0.000000       0.000000       0.000000       0.000000
 11774.19       0.000000       0.000000       0.000000       0.000000
 11808.41       0.000000       0.000000       0.000000       0.000000
 11842.62       0.000000       0.000000       0.000000       0.000000
 11876.83       0.000000       0.000000       0.000000       0.000000
 11911.05       0.000000       0.000000       0.000000       0.000000
 11945.26       0.000000       0.000000       0.000000       0.000000
 11979.47       0.000000       0.000000       0.000000       0.000000
 12013.69       0.000000       0.000000       0.000000       0.000000
 12047.90       0.000000       0.000000       0.000000       0.000000
 12082.11       0.000000       0.000000       0.000000       0.000000
 12116.32       0.000000       0.000000       0.000000       0.000000
 12150.54       0.000000       0.000000       0.000000       0.000000
 12184.75       0.000000       0.000000       0.000000       0.000000
 12218.96       0.000000       0.000000       0.000000       0.000000
 12253.18       0.000000       0.000000       0.000000       0.000000
 12287.39       0.000000       0.000000       0.000000       0.000000
 12321.60       0.000000       0.000000       0.000000       0.000000
 12355.82       0.000000       0.000000       0.000000       0.000000
 12390.03       0.000000       0.000000       0.000000       0.000000
 12424.24       0.000000       0.000000       0.000000       0.000000
 12458.46       0.000000       0.000000       0.000000       0.000000
 12492.67       0.000000       0.000000       0.000000       0.000000
 12526.88       0.000000       0.000000       0.000000       0.000000
 12561.09       0.000000       0.000000       0.000000       0.000000
 12595.31       0.000000       0.000000       0.000000       0.000000
 12629.52       0.000000       0.000000       0.000000       0.000000
 12663.73       0.000000       0.000000       0.000000       0.000000
 12697.95       0.000000       0.000000       0.000000       0.000000
 12732.16       0.000000       0.000000       0.000000       0.000000
 12766.37       0.000000       0.000000       0.000000       0.000000
 12800.59       0.000000       0.000000       0.000000       0.000000
 12834.80       0.000000       0.000000       0.000000       0.000000
 12869.01       0.000000       0.000000       0.000000       0.000000
 12903.23       0.000000       0.000000       0.000000       0.000000
 12937.44       0.000000       0.000000       0.000000       0.000000
 12971.65       0.000000       0.000000       0.000000       0.000000
 13005.87       0.000000       0.000000       0.000000       0.000000
 13040.08       0.000000       0.000000       0.000000       0.000000
 13074.29       0.000000       0.000000       0.000000       0.000000
 13108.50       0.000000       0.000000       0.000000       0.000000
 13142.72       0.000000       0.000000       0.000000       0.000000
 13176.93       0.000000       0.000000       0.000000       0.000000
 13211.14       0.000000       0.000000       0.000000       0.000000
 13245.36       0.000000       0.000000       0.000000       0.000000
 13279.57       0.000000       0.000000       0.000000       0.000000
 13313.78       0.000000       0.000000       0.000000       0.000000
 13348.00       0.000000       0.000000       0.000000       0.000000
 13382.21       0.000000       0.000000       0.000000       0.000000
 13416.42       0.000000       0.000000       0.000000       0.000000
 13450.64       0.000000       0.000000       0.000000       0.000000
 13484.85       0.000000       0.000000       0.000000       0.000000
 13519.06       0.000000       0.000000       0.000000       0.000000
 13553.27       0.000000       0.000000       0.000000       0.000000
 13587.49       0.000000       0.000000       0.000000       0.000000
 13621.70       0.000000       0.000000       0.000000       0.000000
 13655.91       0.000000       0.000000       0.000000       0.000000
 13690.13       0.000000       0.000000       0.000000       0.000000
 13724.34       0.000000       0.000000       0.000000       0.000000
 13758.55       0.000000       0.000000       0.000000       0.000000
 13792.77       0.000000       0.000000       0.000000       0.000000
 13826.98       0.000001       0.000000       0.000000       0.000000
 13861.19       0.000001       0.000000       0.000000       0.000000
 13895.41       0.000001       0.000000       0.000000       0.000001
 13929.62       0.000001       0.000000       0.000000       0.000001
 13963.83       0.000002       0.000000       0.000000       0.000001
 13998.04       0.000002       0.000000       0.000001       0.000001
 14032.26       0.000003       0.000000       0.000001       0.000002
 14066.47       0.000004       0.000000       0.000001       0.000002
 14100.68       0.000005       0.000000       0.000001       0.000003
 14134.90       0.000006       0.000000       0.000002       0.000004
 14169.11       0.000008       0.000000       0.000002       0.000005
 14203.32       0.000010       0.000001       0.000003       0.000007
 14237.54       0.000013       0.000001       0.000004       0.000009
 14271.75       0.000017       0.000001       0.000005       0.000011
 14305.96       0.000021       0.000001       0.000006       0.000014
 14340.18       0.000027       0.000002       0.000007       0.000018
 14374.39       0.000034       0.000002       0.000009       0.000023
 14408.60       0.000043       0.000003       0.000012       0.000029
 14442.82       0.000054       0.000003       0.000015       0.000036
 14477.03       0.000068       0.000004       0.000019       0.000046
 14511.24       0.000086       0.000005       0.000023       0.000057
 14545.45       0.000107       0.000006       0.000029       0.000071
 14579.67       0.000133       0.000008       0.000036       0.000089
 14613.88       0.000165       0.000010       0.000045       0.000110
 14648.09       0.000205       0.000012       0.000056       0.000136
 14682.31       0.000253       0.000015       0.000069       0.000168
 14716.52       0.000311       0.000019       0.000085       0.000207
 14750.73       0.000381       0.000023       0.000104       0.000254
 14784.95       0.000467       0.000028       0.000127       0.000311
 14819.16       0.000570       0.000034       0.000156       0.000380
 14853.37       0.000693       0.000042       0.000189       0.000462
 14887.59       0.000841       0.000051       0.000230       0.000560
 14921.80       0.001017       0.000061       0.000278       0.000678
 14956.01       0.001227       0.000074       0.000335       0.000818
 14990.22       0.001476       0.000089       0.000403       0.000984
 15024.44       0.001770       0.000107       0.000483       0.001180
 15058.65       0.002116       0.000128       0.000578       0.001411
 15092.86       0.002523       0.000152       0.000689       0.001682
 15127.08       0.003000       0.000181       0.000819       0.002000
 15161.29       0.003557       0.000215       0.000971       0.002371
 15195.50       0.004205       0.000254       0.001148       0.002803
 15229.72       0.004963       0.000301       0.001358       0.003304
 15263.93       0.005834       0.000354       0.001597       0.003883
 15298.14       0.006838       0.000415       0.001872       0.004550
 15332.36       0.007999       0.000490       0.002192       0.005317
 15366.57       0.009325       0.000573       0.002556       0.006196
 15400.78       0.010839       0.000667       0.002973       0.007198
 15435.00       0.012564       0.000776       0.003449       0.008339
 15469.21       0.014523       0.000899       0.003990       0.009633
 15503.42       0.016740       0.001041       0.004604       0.011096
 15537.63       0.019243       0.001201       0.005298       0.012744
 15571.85       0.022058       0.001384       0.006080       0.014594
 15606.06       0.025217       0.001591       0.006961       0.016665
 15640.27       0.028750       0.001826       0.007950       0.018975
 15674.49       0.032691       0.002091       0.009056       0.021543
 15708.70       0.037073       0.002392       0.010292       0.024389
 15742.91       0.041932       0.002732       0.011669       0.027531
 15777.13       0.047305       0.003116       0.013202       0.030988
 15811.34       0.053232       0.003550       0.014903       0.034779
 15845.55       0.059753       0.004042       0.016789       0.038922
 15879.77       0.066910       0.004599       0.018878       0.043433
 15913.98       0.074748       0.005232       0.021188       0.048328
 15948.19       0.083312       0.005951       0.023741       0.053621
 15982.40       0.092654       0.006770       0.026562       0.059322
 16016.62       0.102826       0.007706       0.029678       0.065442
 16050.83       0.113887       0.008778       0.033123       0.071986
 16085.04       0.125901       0.010011       0.036932       0.078958
 16119.26       0.138939       0.011432       0.041149       0.086358
 16153.47       0.153083       0.013076       0.045825       0.094182
 16187.68       0.168440       0.014992       0.051026       0.102423
 16221.90       0.185096       0.017215       0.056813       0.111068
 16256.11       0.203187       0.019811       0.063275       0.120101
 16290.32       0.222863       0.022851       0.070511       0.129500
 16324.54       0.244299       0.026419       0.078638       0.139242
 16358.75       0.267706       0.030615       0.087797       0.149294
 16392.96       0.293332       0.035557       0.098151       0.159624
 16427.17       0.321473       0.041387       0.109894       0.170192
 16461.39       0.352478       0.048268       0.123254       0.180956
 16495.60       0.386762       0.056396       0.138497       0.191869
 16529.81       0.424813       0.065997       0.155934       0.202882
 16564.03       0.467204       0.077335       0.175926       0.213943
 16598.24       0.514606       0.090716       0.198892       0.224999
 16632.45       0.567802       0.106494       0.225314       0.235994
 16666.67       0.627699       0.125077       0.255748       0.246874
 16700.88       0.695343       0.146932       0.290827       0.257584
 16735.09       0.771937       0.172592       0.331273       0.268071
 16769.31       0.858857       0.202666       0.377904       0.278286
 16803.52       0.957666       0.237841       0.431643       0.288182
 16837.73       1.070134       0.278891       0.493526       0.297717
 16871.95       1.198255       0.326688       0.564712       0.306855
 16906.16       1.344261       0.382205       0.646486       0.315569
 16940.37       1.510639       0.446526       0.740276       0.323837
 16974.58       1.700147       0.520851       0.847649       0.331647
 17008.80       1.915827       0.606506       0.970323       0.338998
 17043.01       2.161012       0.704943       1.110171       0.345898
 17077.22       2.439341       0.817751       1.269222       0.352368
 17111.44       2.754757       0.946659       1.449660       0.358438
 17145.65       3.111515       1.093533       1.653828       0.364153
 17179.86       3.514176       1.260387       1.884219       0.369570
 17214.08       3.967602       1.449372       2.143472       0.374757
 17248.29       4.476939       1.662782       2.434361       0.379796
 17282.50       5.047603       1.903043       2.759781       0.384780
 17316.72       5.685254       2.172710       3.122733       0.389812
 17350.93       6.395765       2.474455       3.526302       0.395007
 17385.14       7.185180       2.811056       3.973634       0.400490
 17419.35       8.059676       3.185378       4.467906       0.406392
 17453.57       9.025505       3.600359       5.012294       0.412853
 17487.78      10.088937       4.058986       5.609936       0.420015
 17521.99      11.256194       4.564272       6.263895       0.428027
 17556.21      12.533376       5.119228       6.977113       0.437035
 17590.42      13.926389       5.726834       7.752368       0.447187
 17624.63      15.440853       6.390006       8.592221       0.458627
 17658.85      17.082025       7.111563       9.498970       0.471492
 17693.06      18.854704       7.894193      10.474599       0.485912
 17727.27      20.763141       8.740411      11.520722       0.502008
 17761.49      22.810952       9.652528      12.638539       0.519884
 17795.70      25.001026      10.632611      13.828782       0.539633
 17829.91      27.335443      11.682446      15.091670       0.561327
 17864.13      29.815391      12.803504      16.426867       0.585020
 17898.34      32.441095      13.996906      17.833445       0.610744
 17932.55      35.211753      15.263398      19.309848       0.638507
 17966.76      38.125482      16.603316      20.853875       0.668291
 18000.98      41.179279      18.016571      22.462655       0.700053
 18035.19      44.368991      19.502627      24.132642       0.733722
 18069.40      47.689303      21.060487      25.859616       0.769199
 18103.62      51.133740      22.688688      27.638693       0.806358
 18137.83      54.694689      24.385300      29.464346       0.845043
 18172.04      58.363432      26.147925      31.330435       0.885072
 18206.26      62.130201      27.973713      33.230252       0.926237
 18240.47      65.984243      29.859372      35.156568       0.968304
 18274.68      69.913907      31.801194      37.101697       1.011017
 18308.90      73.906740      33.795077      39.057564       1.054099
 18343.11      77.949597      35.836559      41.015783       1.097256
 18377.32      82.028762      37.920846      42.967739       1.140177
 18411.53      86.130073      40.042852      44.904680       1.182541
 18445.75      90.239058      42.197239      46.817800       1.224019
 18479.96      94.341071      44.378449      48.698344       1.264277
 18514.17      98.421425      46.580748      50.537694       1.302983
 18548.39     102.465528      48.798261      52.327462       1.339806
 18582.60     106.459007      51.025006      54.059576       1.374425
 18616.81     110.387824      53.254926      55.726367       1.406531
 18651.03     114.238387      55.481917      57.320638       1.435831
 18685.24     117.997639      57.699848      58.835737       1.462054
 18719.45     121.653141      59.902584      60.265608       1.484949
 18753.67     125.193126      62.083994      61.604838       1.504295
 18787.88     128.606552      64.237958      62.848693       1.519901
 18822.09     131.883121      66.358374      63.993141       1.531607
 18856.30     135.013296      68.439152      65.034856       1.539288
 18890.52     137.988287      70.474209      65.971221       1.542857
 18924.73     140.800033      72.457461      66.800311       1.542261
 18958.94     143.441167      74.382809      67.520870       1.537488
 18993.16     145.904967      76.244132      68.132273       1.528562
 19027.37     148.185304      78.035275      68.634484       1.515545
 19061.58     150.276597      79.750037      69.028028       1.498533
 19095.80     152.173688      81.382172      69.313858       1.477659
 19130.01     153.871868      82.925383      69.493399       1.453086
 19164.22     155.366768      84.373334      69.568424       1.425010
 19198.44     156.654317      85.719658      69.541008       1.393651
 19232.65     157.730703      86.957984      69.413465       1.359253
 19266.86     158.592344      88.081964      69.188298       1.322083
 19301.08     159.235875      89.085311      68.868143       1.282421
 19335.29     159.658144      89.961855      68.455727       1.240563
 19369.50     159.856235      90.705595      67.953829       1.196812
 19403.71     159.827493      91.310765      67.365251       1.151477
 19437.93     159.569582      91.771915      66.692797       1.104870
 19472.14     159.080539      92.083980      65.939261       1.057298
 19506.35     158.358860      92.242374      65.107420       1.009066
 19540.57     157.403579      92.243071      64.200041       0.960467
 19574.78     156.214368      92.082693      63.219888       0.911787
 19608.99     154.791637      91.758600      62.169745       0.863293
 19643.21     153.136638      91.268967      61.052433       0.815239
 19677.42     151.251561      90.612860      59.870841       0.767860
 19711.63     149.139633      89.790307      58.627953       0.721373
 19745.85     146.805203      88.802352      57.326879       0.675973
 19780.06     144.253817      87.651099      55.970885       0.631833
 19814.27     141.492275      86.339746      54.563423       0.589107
 19848.48     138.528674      84.872593      53.108157       0.547924
 19882.70     135.372428      83.255049      51.608985       0.508394
 19916.91     132.034281      81.493618      50.070056       0.470607
 19951.12     128.526238      79.595826      48.495783       0.434629
 19985.34     124.861585      77.570226      46.890846       0.400512
 20019.55     121.054777      75.426292      45.260197       0.368288
 20053.76     117.121363      73.174343      43.609049       0.337971
 20087.98     113.077874      70.825448      41.942862       0.309564
 20122.19     108.941698      68.391314      40.267330       0.283054
 20156.40     104.730937      65.884168      38.588350       0.258418
 20190.62     100.464252      63.316629      36.912000       0.235623
 20224.83      96.160703      60.701572      35.244504       0.214627
 20259.04      91.839577      58.051997      33.592199       0.195381
 20293.26      87.520222      55.380887      31.961501       0.177834
 20327.47      83.221877      52.701080      30.358869       0.161927
 20361.68      78.963510      50.025135      28.790772       0.147603
 20395.89      74.763667      47.365208      27.263658       0.134801
 20430.11      70.640325      44.732941      25.783922       0.123461
 20464.32      66.610769      42.139356      24.357888       0.113526
 20498.53      62.691483      39.594764      22.991782       0.104937
 20532.75      58.898052      37.108686      21.691724       0.097643
 20566.96      55.245095      34.689789      20.463715       0.091591
 20601.17      51.746209      32.345834      19.313639       0.086737
 20635.39      48.413941      30.083645      18.247259       0.083037
 20669.60      45.259771      27.909086      17.270231       0.080454
 20703.81      42.294126      25.827055      16.388116       0.078955
 20738.03      39.526398      23.841494      15.606392       0.078512
 20772.24      36.964991      21.955407      14.930483       0.079100
 20806.45      34.617372      20.170897      14.365774       0.080701
 20840.66      32.490140      18.489204      13.917636       0.083300
 20874.88      30.589098      16.910763      13.591450       0.086885
 20909.09      28.919337      15.435262      13.392627       0.091448
 20943.30      27.485315      14.061707      13.326624       0.096985
 20977.52      26.290947      12.788498      13.398954       0.103494
 21011.73      25.339678      11.613504      13.615199       0.110975
 21045.94      24.634564      10.534139      13.980995       0.119430
 21080.16      24.178335       9.547441      14.502033       0.128861
 21114.37      23.973451       8.650155      15.184026       0.139270
 21148.58      24.022146       7.838805      16.032679       0.150662
 21182.80      24.326458       7.109777      17.053645       0.163036
 21217.01      24.888236       6.459384      18.252458       0.176393
 21251.22      25.709145       5.883945      19.634468       0.190732
 21285.43      26.790638       5.379842      21.204750       0.206046
 21319.65      28.133921       4.943590      22.968005       0.222327
 21353.86      29.739901       4.571889      24.928450       0.239562
 21388.07      31.609112       4.261679      27.089698       0.257735
 21422.29      33.741632       4.010190      29.454621       0.276821
 21456.50      36.136988       3.814981      32.025214       0.296794
 21490.71      38.794049       3.673981      34.802450       0.317617
 21524.93      41.710907       3.585525      37.786132       0.339250
 21559.14      44.884763       3.548377      40.974742       0.361644
 21593.35      48.311804       3.561761      44.365300       0.384743
 21627.57      51.987080       3.625375      47.953221       0.408484
 21661.78      55.904395       3.739408      51.732190       0.432796
 21695.99      60.056195       3.904548      55.694046       0.457601
 21730.21      64.433477       4.121987      59.828680       0.482810
 21764.42      69.025709       4.393417      64.123961       0.508331
 21798.63      73.820771       4.721026      68.565683       0.534062
 21832.84      78.804911       5.107481      73.137537       0.559893
 21867.06      83.962732       5.555910      77.821112       0.585710
 21901.27      89.277203       6.069873      82.595938       0.611392
 21935.48      94.729690       6.653329      87.439549       0.636812
 21969.70     100.300026       7.310594      92.327592       0.661840
 22003.91     105.966603       8.046291      97.233971       0.686341
 22038.12     111.706488       8.865289     102.131022       0.710177
 22072.34     117.495576       9.772641     106.989723       0.733212
 22106.55     123.308760      10.773506     111.779949       0.755305
 22140.76     129.120123      11.873064     116.470739       0.776321
 22174.98     134.903160      13.076430     121.030607       0.796123
 22209.19     140.631001      14.388550     125.427870       0.814581
 22243.40     146.276658      15.814098     129.630990       0.831570
 22277.61     151.813277      17.357366     133.608941       0.846970
 22311.83     157.214389      19.022143     137.331576       0.860671
 22346.04     162.454163      20.811600     140.769992       0.872571
 22380.25     167.507651      22.728167     143.896903       0.882581
 22414.47     172.351021      24.773412     146.686987       0.890622
 22448.68     176.961788      26.947925     149.117233       0.896630
 22482.89     181.318990      29.251199     151.167238       0.900554
 22517.11     185.403378      31.681523     152.819495       0.902359
 22551.32     189.197555      34.235887     154.059642       0.902026
 22585.53     192.686119      36.909900     154.876667       0.899552
 22619.75     195.855713      39.697703     155.263058       0.894952
 22653.96     198.695109      42.591928     155.214927       0.888255
 22688.17     201.195225      45.583652     154.732062       0.879510
 22722.39     203.349116      48.662391     153.817942       0.868782
 22756.60     205.151941      51.816099     152.479692       0.856150
 22790.81     206.600900      55.031205     150.727985       0.841711
 22825.02     207.695143      58.292667     148.576902       0.825574
 22859.24     208.435661      61.584058     146.043739       0.807864
 22893.45     208.825162      64.887677     143.148769       0.788716
 22927.66     208.867930      68.184681     139.914974       0.768275
 22961.88     208.569675      71.455245     136.367731       0.746699
 22996.09     207.937381      74.678753     132.534480       0.724149
 23030.30     206.979151      77.833993     128.444365       0.700793
 23064.52     205.704059      80.899389     124.127866       0.676805
 23098.73     204.122003      83.853236     119.616410       0.652358
 23132.94     202.243578      86.673953     114.941998       0.627627
 23167.16     200.079948      89.340344     110.136820       0.602784
 23201.37     197.642749      91.831857     105.232892       0.578000
 23235.58     194.943994      94.128848     100.261706       0.553439
 23269.79     191.996000      96.212842      95.253901       0.529257
 23304.01     188.811335      98.066772      90.238958       0.505605
 23338.22     185.402776      99.675219      85.244936       0.482622
 23372.43     181.783281     101.024617      80.298228       0.460436
 23406.65     177.965968     102.103444      75.423358       0.439166
 23440.86     173.964151     102.902405      70.642831       0.418915
 23475.07     169.791278     103.414527      65.976978       0.399773
 23509.29     165.460993     103.635284      61.443890       0.381818
 23543.50     160.987125     103.562660      57.059354       0.365112
 23577.71     156.383710     103.197171      52.836838       0.349701
 23611.93     151.664992     102.541864      48.787509       0.335618
 23646.14     146.845424     101.602267      44.920274       0.322883
 23680.35     141.939668     100.386313      41.241857       0.311498
 23714.57     136.962574      98.904224      37.756896       0.301454
 23748.78     131.929159      97.168369      34.468062       0.292728
 23782.99     126.854564      95.193084      31.376197       0.285283
 23817.20     121.754007      92.994477      28.480458       0.279072
 23851.42     116.642723      90.590205      25.778481       0.274037
 23885.63     111.535893      87.999237      23.266546       0.270110
 23919.84     106.448557      85.241602      20.939742       0.267213
 23954.06     101.395532      82.338129      18.792142       0.265262
 23988.27      96.391312      79.310186      16.816962       0.264165
 24022.48      91.449970      76.179418      15.006726       0.263826
 24056.70      86.585057      72.967493      13.353419       0.264146
 24090.91      81.809502      69.695851      11.848631       0.265019
 24125.12      77.135512      66.385478      10.483691       0.266343
 24159.34      72.574486      63.056684       9.249790       0.268012
 24193.55      68.136926      59.728914       8.138090       0.269922
 24227.76      63.832364      56.420569       7.139825       0.271970
 24261.97      59.669301      53.148856       6.246386       0.274059
 24296.19      55.655152      49.929668       5.449392       0.276092
 24330.40      51.796213      46.777482       4.740750       0.277981
 24364.61      48.097637      43.705287       4.112709       0.279641
 24398.83      44.563426      40.724535       3.557895       0.280996
 24433.04      41.196435      37.845121       3.069339       0.281975
 24467.25      37.998398      35.075383       2.640498       0.282517
 24501.47      34.969956      32.422124       2.265265       0.282568
 24535.68      32.110706      29.890652       1.937970       0.282083
 24569.89      29.419256      27.484845       1.653383       0.281027
 24604.11      26.893296      25.207222       1.406701       0.279372
 24638.32      24.529667      23.059030       1.193537       0.277101
 24672.53      22.324448      21.040343       1.009902       0.274203
 24706.74      20.273037      19.150168       0.852191       0.270678
 24740.96      18.370242      17.386554       0.717155       0.266533
 24775.17      16.610372      15.746704       0.601883       0.261784
 24809.38      14.987324      14.227092       0.503780       0.256452
 24843.60      13.494674      12.823572       0.420536       0.250567
 24877.81      12.125764      11.531490       0.350111       0.244162
 24912.02      10.873775      10.345790       0.290707       0.237278
 24946.24       9.731813       9.261109       0.240746       0.229959
 24980.45       8.692973       8.271873       0.198849       0.222252
 25014.66       7.750405       7.372381       0.163816       0.214208
 25048.88       6.897369       6.556882       0.134606       0.205881
 25083.09       6.127287       5.819643       0.110321       0.197323
 25117.30       5.433785       5.155009       0.090188       0.188588
 25151.52       4.810729       4.557454       0.073543       0.179732
 25185.73       4.252250       4.021624       0.059820       0.170807
 25219.94       3.752773       3.542372       0.048538       0.161864
 25254.15       3.307027       3.114788       0.039287       0.152953
 25288.37       2.910058       2.734215       0.031722       0.144121
 25322.58       2.557233       2.396269       0.025553       0.135411
 25356.79       2.244243       2.096844       0.020535       0.126864
 25391.01       1.967096       1.832116       0.016464       0.118516
 25425.22       1.722114       1.598544       0.013170       0.110400
 25459.43       1.505920       1.392863       0.010511       0.102546
 25493.65       1.315428       1.212081       0.008370       0.094976
 25527.86       1.147829       1.053464       0.006651       0.087714
 25562.07       1.000574       0.914528       0.005273       0.080773
 25596.29       0.871363       0.793022       0.004172       0.074169
 25630.50       0.758120       0.686918       0.003294       0.067908
 25664.71       0.658986       0.594394       0.002595       0.061997
 25698.92       0.572296       0.513816       0.002041       0.056438
 25733.14       0.496562       0.443730       0.001602       0.051230
 25767.35       0.430462       0.382839       0.001255       0.046368
 25801.56       0.372823       0.329994       0.000981       0.041847
 25835.78       0.322603       0.284179       0.000766       0.037658
 25869.99       0.278885       0.244496       0.000597       0.033791
 25904.20       0.240856       0.210158       0.000464       0.030234
 25938.42       0.207803       0.180469       0.000361       0.026973
 25972.63       0.179097       0.154823       0.000280       0.023995
 26006.84       0.154187       0.132687       0.000216       0.021284
 26041.06       0.132589       0.113597       0.000167       0.018825
 26075.27       0.113879       0.097148       0.000129       0.016602
 26109.48       0.097686       0.082987       0.000100       0.014600
 26143.70       0.083684       0.070805       0.000077       0.012802
 26177.91       0.071589       0.060337       0.000059       0.011193
 26212.12       0.061152       0.051349       0.000045       0.009758
 26246.33       0.052158       0.043641       0.000035       0.008482
 26280.55       0.044402       0.037036       0.000013       0.007352
 26314.76       0.037750       0.031385       0.000010       0.006355
 26348.97       0.032038       0.026554       0.000008       0.005476
 26383.19       0.027142       0.022430       0.000007       0.004706
 26417.40       0.022952       0.018914       0.000005       0.004032
 26451.61       0.019371       0.015922       0.000004       0.003445
 26485.83       0.016317       0.013378       0.000003       0.002935
 26520.04       0.013716       0.011220       0.000003       0.002493
 26554.25       0.011505       0.009392       0.000002       0.002112
 26588.47       0.009630       0.007845       0.000002       0.001784
 26622.68       0.008043       0.006540       0.000001       0.001502
 26656.89       0.006703       0.005441       0.000001       0.001261
 26691.10       0.005573       0.004516       0.000001       0.001056
 26725.32       0.004623       0.003740       0.000001       0.000882
 26759.53       0.003825       0.003091       0.000000       0.000734
 26793.74       0.003158       0.002548       0.000000       0.000609
 26827.96       0.002601       0.002096       0.000000       0.000504
 26862.17       0.002136       0.001720       0.000000       0.000416
 26896.38       0.001750       0.001408       0.000000       0.000342
 26930.60       0.001431       0.001150       0.000000       0.000281
 26964.81       0.001166       0.000936       0.000000       0.000230
 26999.02       0.000948       0.000761       0.000000       0.000188
 27033.24       0.000769       0.000617       0.000000       0.000153
 27067.45       0.000622       0.000498       0.000000       0.000124
 27101.66       0.000502       0.000402       0.000000       0.000100
 27135.87       0.000394       0.000313       0.000000       0.000081
 27170.09       0.000316       0.000252       0.000000       0.000065
 27204.30       0.000254       0.000202       0.000000       0.000052
 27238.51       0.000203       0.000161       0.000000       0.000042
 27272.73       0.000162       0.000129       0.000000       0.000033
 27306.94       0.000129       0.000102       0.000000       0.000026
 27341.15       0.000102       0.000081       0.000000       0.000021
 27375.37       0.000081       0.000064       0.000000       0.000017
 27409.58       0.000063       0.000050       0.000000       0.000013
 27443.79       0.000050       0.000040       0.000000       0.000010
 27478.01       0.000039       0.000031       0.000000       0.000008
 27512.22       0.000031       0.000024       0.000000       0.000006
 27546.43       0.000024       0.000019       0.000000       0.000005
 27580.65       0.000018       0.000015       0.000000       0.000004
 27614.86       0.000014       0.000011       0.000000       0.000003
 27649.07       0.000011       0.000009       0.000000       0.000002
 27683.28       0.000009       0.000007       0.000000       0.000002
 27717.50       0.000007       0.000005       0.000000       0.000001
 27751.71       0.000005       0.000004       0.000000       0.000001
 27785.92       0.000004       0.000003       0.000000       0.000001
 27820.14       0.000003       0.000002       0.000000       0.000001
 27854.35       0.000002       0.000002       0.000000       0.000000
 27888.56       0.000002       0.000001       0.000000       0.000000
 27922.78       0.000001       0.000001       0.000000       0.000000
 27956.99       0.000001       0.000001       0.000000       0.000000
 27991.20       0.000001       0.000001       0.000000       0.000000
 28025.42       0.000001       0.000000       0.000000       0.000000
 28059.63       0.000000       0.000000       0.000000       0.000000
 28093.84       0.000000       0.000000       0.000000       0.000000
 28128.05       0.000000       0.000000       0.000000       0.000000
 28162.27       0.000000       0.000000       0.000000       0.000000
 28196.48       0.000000       0.000000       0.000000       0.000000
 28230.69       0.000000       0.000000       0.000000       0.000000
 28264.91       0.000000       0.000000       0.000000       0.000000
 28299.12       0.000000       0.000000       0.000000       0.000000
 28333.33       0.000000       0.000000       0.000000       0.000000
 28367.55       0.000000       0.000000       0.000000       0.000000
 28401.76       0.000000       0.000000       0.000000       0.000000
 28435.97       0.000000       0.000000       0.000000       0.000000
 28470.19       0.000000       0.000000       0.000000       0.000000
 28504.40       0.000000       0.000000       0.000000       0.000000
 28538.61       0.000000       0.000000       0.000000       0.000000
 28572.83       0.000000       0.000000       0.000000       0.000000
 28607.04       0.000000       0.000000       0.000000       0.000000
 28641.25       0.000000       0.000000       0.000000       0.000000
 28675.46       0.000000       0.000000       0.000000       0.000000
 28709.68       0.000000       0.000000       0.000000       0.000000
 28743.89       0.000000       0.000000       0.000000       0.000000
 28778.10       0.000000       0.000000       0.000000       0.000000
 28812.32       0.000000       0.000000       0.000000       0.000000
 28846.53       0.000000       0.000000       0.000000       0.000000
 28880.74       0.000000       0.000000       0.000000       0.000000
 28914.96       0.000000       0.000000       0.000000       0.000000
 28949.17       0.000000       0.000000       0.000000       0.000000
 28983.38       0.000000       0.000000       0.000000       0.000000
 29017.60       0.000000       0.000000       0.000000       0.000000
 29051.81       0.000000       0.000000       0.000000       0.000000
 29086.02       0.000000       0.000000       0.000000       0.000000
 29120.23       0.000000       0.000000       0.000000       0.000000
 29154.45       0.000000       0.000000       0.000000       0.000000
 29188.66       0.000000       0.000000       0.000000       0.000000
 29222.87       0.000000       0.000000       0.000000       0.000000
 29257.09       0.000000       0.000000       0.000000       0.000000
 29291.30       0.000000       0.000000       0.000000       0.000000
 29325.51       0.000000       0.000000       0.000000       0.000000
 29359.73       0.000000       0.000000       0.000000       0.000000
 29393.94       0.000000       0.000000       0.000000       0.000000
 29428.15       0.000000       0.000000       0.000000       0.000000
 29462.37       0.000000       0.000000       0.000000       0.000000
 29496.58       0.000000       0.000000       0.000000       0.000000
 29530.79       0.000000       0.000000       0.000000       0.000000
 29565.00       0.000000       0.000000       0.000000       0.000000
 29599.22       0.000000       0.000000       0.000000       0.000000
 29633.43       0.000000       0.000000       0.000000       0.000000
 29667.64       0.000000       0.000000       0.000000       0.000000
 29701.86       0.000000       0.000000       0.000000       0.000000
 29736.07       0.000000       0.000000       0.000000       0.000000
 29770.28       0.000000       0.000000       0.000000       0.000000
 29804.50       0.000000       0.000000       0.000000       0.000000
 29838.71       0.000000       0.000000       0.000000       0.000000
 29872.92       0.000000       0.000000       0.000000       0.000000
 29907.14       0.000000       0.000000       0.000000       0.000000
 29941.35       0.000000       0.000000       0.000000       0.000000
 29975.56       0.000000       0.000000       0.000000       0.000000
 30009.78       0.000000       0.000000       0.000000       0.000000
 30043.99       0.000000       0.000000       0.000000       0.000000
 30078.20       0.000000       0.000000       0.000000       0.000000
 30112.41       0.000000       0.000000       0.000000       0.000000
 30146.63       0.000000       0.000000       0.000000       0.000000
 30180.84       0.000000       0.000000       0.000000       0.000000
 30215.05       0.000000       0.000000       0.000000       0.000000
 30249.27       0.000000       0.000000       0.000000       0.000000
 30283.48       0.000000       0.000000       0.000000       0.000000
 30317.69       0.000000       0.000000       0.000000       0.000000
 30351.91       0.000000       0.000000       0.000000       0.000000
 30386.12       0.000000       0.000000       0.000000       0.000000
 30420.33       0.000000       0.000000       0.000000       0.000000
 30454.55       0.000000       0.000000       0.000000       0.000000
 30488.76       0.000000       0.000000       0.000000       0.000000
 30522.97       0.000000       0.000000       0.000000       0.000000
 30557.18       0.000000       0.000000       0.000000       0.000000
 30591.40       0.000000       0.000000       0.000000       0.000000
 30625.61       0.000000       0.000000       0.000000       0.000000
 30659.82       0.000000       0.000000       0.000000       0.000000
 30694.04       0.000000       0.000000       0.000000       0.000000
 30728.25       0.000000       0.000000       0.000000       0.000000
 30762.46       0.000000       0.000000       0.000000       0.000000
 30796.68       0.000000       0.000000       0.000000       0.000000
 30830.89       0.000000       0.000000       0.000000       0.000000
 30865.10       0.000000       0.000000       0.000000       0.000000
 30899.32       0.000000       0.000000       0.000000       0.000000
 30933.53       0.000000       0.000000       0.000000       0.000000
 30967.74       0.000000       0.000000       0.000000       0.000000
 31001.96       0.000000       0.000000       0.000000       0.000000
 31036.17       0.000001       0.000000       0.000001       0.000000
 31070.38       0.000001       0.000000       0.000001       0.000000
 31104.59       0.000002       0.000000       0.000002       0.000000
 31138.81       0.000002       0.000000       0.000002       0.000000
 31173.02       0.000003       0.000000       0.000003       0.000000
 31207.23       0.000004       0.000000       0.000004       0.000000
 31241.45       0.000006       0.000001       0.000005       0.000000
 31275.66       0.000008       0.000001       0.000007       0.000000
 31309.87       0.000010       0.000001       0.000009       0.000000
 31344.09       0.000014       0.000002       0.000012       0.000001
 31378.30       0.000019       0.000002       0.000016       0.000001
 31412.51       0.000024       0.000003       0.000021       0.000001
 31446.73       0.000032       0.000004       0.000027       0.000001
 31480.94       0.000043       0.000006       0.000035       0.000002
 31515.15       0.000057       0.000008       0.000046       0.000002
 31549.36       0.000074       0.000011       0.000060       0.000003
 31583.58       0.000110       0.000027       0.000080       0.000004
 31617.79       0.000144       0.000035       0.000103       0.000005
 31652.00       0.000186       0.000047       0.000133       0.000007
 31686.22       0.000243       0.000062       0.000172       0.000009
 31720.43       0.000314       0.000082       0.000221       0.000011
 31754.64       0.000404       0.000107       0.000282       0.000014
 31788.86       0.000519       0.000141       0.000360       0.000018
 31823.07       0.000666       0.000184       0.000458       0.000023
 31857.28       0.000852       0.000241       0.000582       0.000030
 31891.50       0.001086       0.000313       0.000736       0.000037
 31925.71       0.001382       0.000407       0.000929       0.000047
 31959.92       0.001755       0.000527       0.001168       0.000059
 31994.13       0.002221       0.000681       0.001466       0.000075
 32028.35       0.002805       0.000877       0.001835       0.000094
 32062.56       0.003534       0.001128       0.002289       0.000117
 32096.77       0.004440       0.001446       0.002849       0.000145
 32130.99       0.005566       0.001849       0.003536       0.000181
 32165.20       0.006960       0.002359       0.004377       0.000224
 32199.41       0.008681       0.003002       0.005402       0.000276
 32233.63       0.010801       0.003811       0.006650       0.000341
 32267.84       0.013407       0.004824       0.008164       0.000418
 32302.05       0.016600       0.006092       0.009995       0.000513
 32336.27       0.020503       0.007673       0.012204       0.000626
 32370.48       0.025263       0.009638       0.014862       0.000763
 32404.69       0.031053       0.012077       0.018049       0.000928
 32438.91       0.038077       0.015092       0.021861       0.001124
 32473.12       0.046577       0.018812       0.026407       0.001359
 32507.33       0.056838       0.023386       0.031813       0.001638
 32541.54       0.069191       0.028997       0.038225       0.001970
 32575.76       0.084028       0.035859       0.045807       0.002362
 32609.97       0.101800       0.044229       0.054748       0.002824
 32644.18       0.123037       0.054408       0.065261       0.003368
 32678.40       0.148347       0.066751       0.077590       0.004006
 32712.61       0.178436       0.081678       0.092006       0.004752
 32746.82       0.214114       0.099676       0.108817       0.005622
 32781.04       0.256312       0.121315       0.128364       0.006633
 32815.25       0.306094       0.147257       0.151030       0.007806
 32849.46       0.364670       0.178268       0.177241       0.009162
 32883.68       0.433417       0.215228       0.207465       0.010725
 32917.89       0.513893       0.259151       0.242220       0.012522
 32952.10       0.607852       0.311196       0.282075       0.014581
 32986.31       0.717270       0.372682       0.327653       0.016935
 33020.53       0.845066       0.445166       0.380279       0.019621
 33054.74       0.992530       0.530242       0.439618       0.022669
 33088.95       1.162945       0.629860       0.506961       0.026124
 33123.17       1.359370       0.746157       0.583187       0.030026
 33157.38       1.585179       0.881515       0.669241       0.034423
 33191.59       1.844082       1.038583       0.766138       0.039361
 33225.81       2.140145       1.220289       0.874965       0.044891
 33260.02       2.477804       1.429856       0.996880       0.051068
 33294.23       2.861878       1.670816       1.133117       0.057945
 33328.45       3.297582       1.947018       1.284983       0.065581
 33362.66       3.790533       2.262636       1.453864       0.074033
 33396.87       4.346760       2.622175       1.641222       0.083363
 33431.09       4.972698       3.030466       1.848601       0.093631
 33465.30       5.675193       3.492663       2.077631       0.104899
 33499.51       6.461487       4.014232       2.330028       0.117227
 33533.72       7.339213       4.600932       2.607605       0.130676
 33567.94       8.316374       5.258789       2.912281       0.145304
 33602.15       9.401326       5.994069       3.246089       0.161169
 33636.36      10.602750       6.813229       3.611198       0.178324
 33670.58      11.929627       7.722877       4.009931       0.196819
 33704.79      13.391208       8.729711       4.444795       0.216701
 33739.00      14.996981       9.840453       4.918516       0.238012
 33773.22      16.756646      11.061777       5.434081       0.260788
 33807.43      18.680084      12.400224       5.994801       0.285059
 33841.64      20.777337      13.862115       6.604372       0.310850
 33875.86      23.059049      15.453839       7.267032       0.338179
 33910.07      25.534812      17.180347       7.987412       0.367053
 33944.28      28.215474      19.046994       8.771001       0.397479
 33978.49      31.111754      21.058223       9.624077       0.429453
 34012.71      34.234632      23.217739      10.553925       0.462968
 34046.92      37.595444      25.528403      11.569033       0.498009
 34081.13      41.206009      27.992133      12.679319       0.534558
 34115.35      45.078796      30.609807      13.896393       0.572596
 34149.56      49.227138      33.381183      15.233854       0.612101
 34183.77      53.665502      36.304822      16.707626       0.653053
 34217.99      58.409810      39.378038      18.336333       0.695438
 34252.20      63.477828      42.596859      20.141721       0.739248
 34286.41      68.889615      45.956012      22.149117       0.784485
 34320.63      74.668049      49.448940      24.387941       0.831168
 34354.84      80.839416      53.067831      26.892251       0.879334
 34389.05      87.434075      56.803693      29.701337       0.929045
 34423.26      94.487193      60.646450      32.860351       0.980392
 34457.48     102.039550      64.585074      36.420972       1.033504
 34491.69     110.138398      68.607752      40.442097       1.088549
 34525.90     118.838384      72.702086      44.990554       1.145744
 34560.12     128.202507      76.855321      50.141826       1.205360
 34594.33     138.303116      81.054617      55.980769       1.267729
 34628.54     149.222912      85.287339      62.602321       1.333252
 34662.76     161.055953      89.541383      70.112170       1.402400
 34696.97     173.908623      93.805520      78.627374       1.475729
 34731.18     187.900557      98.069766      88.276915       1.553876
 34765.40     203.165480     102.325766      99.202143       1.637571
 34799.61     219.851937     106.567185     111.557114       1.727638
 34833.82     238.123878     110.790109     125.508772       1.824997
 34868.04     258.161070     114.993442     141.236957       1.930671
 34902.25     280.159290     119.179297     158.934212       2.045781
 34936.46     304.330279     123.353373     178.805360       2.171547
 34970.67     330.901413     127.525312     201.066815       2.309286
 35004.89     360.115055     131.709035     225.945612       2.460408
 35039.10     392.227569     135.923039     253.678123       2.626406
 35073.31     427.507964     140.190664     284.508449       2.808851
 35107.53     466.236147     144.540319     318.686450       3.009378
 35141.74     508.700761     149.005660     356.465429       3.229672
 35175.95     555.196622     153.625725     398.099441       3.471456
 35210.17     606.021724     158.445018     443.840241       3.736466
 35244.38     661.473850     163.513538     493.933876       4.026436
 35278.59     721.846782     168.886768     548.616940       4.343074
 35312.81     787.426154     174.625601     608.112521       4.688033
 35347.02     858.484988     180.796225     672.625874       5.062889
 35381.23     935.278944     187.469959     742.339873       5.469112
 35415.44    1018.041372     194.723042     817.410295       5.908035
 35449.66    1106.978212     202.636382     897.961006       6.380824
 35483.87    1202.262846     211.295268     984.079127       6.888451
 35518.08    1304.030964     220.789038    1075.810264       7.431662
 35552.30    1412.375567     231.210726    1173.153896       8.010946
 35586.51    1527.342192     242.656660    1276.059021       8.626512
 35620.72    1648.924466     255.226045    1384.420161       9.278260
 35654.94    1777.060098     269.020510    1498.073825       9.965763
 35689.15    1911.627411     284.143618    1616.795552      10.688241
 35723.36    2052.442513     300.700351    1740.297613      11.444550
 35757.58    2199.257202     318.796553    1868.227480      12.233169
 35791.79    2351.757682     338.538338    2000.167148      13.052196
 35826.00    2509.564164     360.031443    2135.633379      13.899343
 35860.22    2672.231414     383.380530    2274.078940      14.771944
 35894.43    2839.250267     408.688434    2414.894870      15.666963
 35928.64    3010.050145     436.055330    2557.413806      16.581009
 35962.85    3184.002569     465.577827    2700.914380      17.510363
 35997.07    3360.425639     497.347982    2844.626659      18.450998
 36031.28    3538.589439     531.452214    2987.738606      19.398619
 36065.49    3717.722300     567.970119    3129.403483      20.348698
 36099.71    3897.017833     606.973193    3268.748124      21.296516
 36133.92    4075.642625     648.523446    3404.881967      22.237211
 36168.13    4252.744463     692.671915    3536.906720      23.165828
 36202.35    4427.460967     739.457090    3663.926507      24.077370
 36236.56    4598.928453     788.903250    3785.058348      24.966854
 36270.77    4766.290894     841.018745    3899.442788      25.829361
 36304.99    4928.708799     895.794214    4006.254488      26.660096
 36339.20    5085.367846     953.200802    4104.712608      27.454436
 36373.41    5235.487128    1013.188370    4194.090778      28.207980
 36407.62    5378.326891    1075.683773    4273.726516      28.916602
 36441.84    5513.195364    1140.589173    4343.029708      29.576483
 36476.05    5639.455212    1207.780568    4401.490484      30.184160
 36510.26    5756.528686    1277.106423    4448.685710      30.736554
 36544.48    5863.901976    1348.386556    4484.284426      31.230994
 36578.69    5961.128500    1421.411301    4508.051955      31.665243
 36612.90    6047.831129    1495.940992    4519.852629      32.037508
 36647.12    6123.703352    1571.705818    4519.651088      32.346445
 36681.33    6188.509402    1648.406102    4507.512134      32.591166
 36715.54    6242.083399    1725.713021    4483.599153      32.771226
 36749.76    6284.327571    1803.269824    4448.171133      32.886615
 36783.97    6315.209659    1880.693553    4401.578367      32.937739
 36818.18    6334.759603    1957.577287    4344.256916      32.925400
 36852.39    6343.065642    2033.492917    4276.721960      32.850765
 36886.61    6340.269947    2107.994431    4199.560177      32.715339
 36920.82    6326.563935    2180.621705    4113.421298      32.520931
 36955.03    6302.183391    2250.904751    4019.009016      32.269623
 36989.25    6267.403526    2318.368383    3917.071416      31.963727
 37023.46    6222.534117    2382.537244    3808.391117      31.605757
 37057.67    6167.914808    2442.941121    3693.775299      31.198388
 37091.89    6103.910692    2499.120468    3574.045797      30.744427
 37126.10    6030.908249    2550.632051    3450.029422      30.246776
 37160.31    5949.311697    2597.054610    3322.548681      29.708407
 37194.53    5859.539796    2637.994452    3192.413013      29.132331
 37228.74    5762.023124    2673.090855    3060.410693      28.521577
 37262.95    5657.201839    2702.021193    2927.301477      27.879169
 37297.17    5545.523878    2724.505668    2793.810098      27.208111
 37331.38    5427.443591    2740.311565    2660.620656      26.511370
 37365.59    5303.420736    2749.256928    2528.371941      25.791867
 37399.80    5173.919776    2751.213590    2397.653720      25.052466
 37434.02    5039.409423    2746.109485    2269.003965      24.295973
 37468.23    4900.362326    2733.930182    2142.907018      23.525125
 37502.44    4757.254851    2714.719616    2019.792637      22.742597
 37536.66    4610.566859    2688.579985    1900.035878      21.950995
 37570.87    4460.781418    2655.670812    1783.957746      21.152860
 37605.08    4308.384380    2616.207183    1671.826529      20.350668
 37639.30    4153.863770    2570.457195    1563.859743      19.546831
 37673.51    3997.708949    2518.738655    1460.226589      18.743705
 37707.72    3840.409508    2461.415095    1361.050832      17.943580
 37741.94    3682.453893    2398.891177    1266.414022      17.148694
 37776.15    3524.327742    2331.607573    1176.358947      16.361222
 37810.36    3366.511964    2260.035418    1090.893261      15.583285
 37844.57    3209.480565    2184.670441    1009.993182      14.816942
 37878.79    3053.698277    2106.026876     933.607209      14.064193
 37913.00    2899.618017    2024.631266     861.659779      13.326972
 37947.21    2747.678246    1941.016273     794.054824      12.607149
 37981.43    2598.300280    1855.714591     730.679164      11.906524
 38015.64    2451.885612    1769.253071     671.405719      11.226823
 38049.85    2308.813325    1682.147141     616.096488      10.569696
 38084.07    2169.437631    1594.895618     564.605302       9.936711
 38118.28    2034.085630    1507.975968     516.780307       9.329355
 38152.49    1903.055309    1421.840088     472.466196       8.749026
 38186.71    1776.613852    1336.910641     431.506177       8.197035
 38220.92    1654.996284    1253.577997     393.743685       7.674602
 38255.13    1538.404482    1172.197780     359.023844       7.182858
 38289.35    1427.006583    1093.089043     327.194699       6.722841
 38323.56    1320.936769    1016.533053     298.108215       6.295500
 38357.77    1220.295453     942.772676     271.621082       5.901696
 38391.98    1125.149852     872.012323     247.595330       5.542199
 38426.20    1035.534903     804.418435     225.898768       5.217700
 38460.41     951.454522     740.120449     206.405270       4.928803
 38494.62     872.883153     679.212184     188.994934       4.676035
 38528.84     799.767571     621.753623     173.554103       4.459845
 38563.05     732.028892     567.772985     159.975299       4.280607
 38597.26     669.564747     517.269074     148.157051       4.138621
 38631.48     612.251570     470.213804     138.003651       4.034115
 38665.69     559.946944     426.554860     129.424842       3.967242
 38699.90     512.491975     386.218445     122.335446       3.938083
 38734.12     469.713638     349.112041     116.654955       3.946642
 38768.33     431.427054     315.127140     112.307073       3.992841
 38802.54     397.437669     284.141914     109.219235       4.076520
 38836.75     367.543355     256.023810     107.322120       4.197426
 38870.97     341.536240     230.631917     106.549118       4.355206
 38905.18     319.204512     207.819276     106.835834       4.549402
 38939.39     300.333955     187.434946     108.119567       4.779441
 38973.61     284.709332     169.325895     110.338813       5.044623
 39007.82     272.115582     153.338682     113.432787       5.344113
 39042.03     262.338838     139.320939     117.340972       5.676927
 39076.25     255.167276     127.122645     122.002702       6.041930
 39110.46     250.391811     116.597205     127.356789       6.437817
 39144.67     247.806660     107.602342     133.341204       6.863114
 39178.89     247.209779     100.000811     139.892806       7.316162
 39213.10     248.403215      93.660951     146.947145       7.795119
 39247.31     251.193366      88.457089     154.438324       8.297953
 39281.52     255.391202      84.269821     162.298939       8.822442
 39315.74     260.812437      80.986172     170.460090       9.366174
 39349.95     267.277699      78.499664     178.851480       9.926555
 39384.16     274.612691      76.710302     187.401574      10.500815
 39418.38     282.648370      75.524501     196.037855      11.086013
 39452.59     291.221154      74.854954     204.687138      11.679062
 39486.80     300.173167      74.620473     213.275962      12.276732
 39521.02     309.352520      74.745795     221.731042      12.875683
 39555.23     318.613635      75.161377     229.979782      13.472476
 39589.44     327.817617      75.803185     237.950828      14.063605
 39623.66     336.832659      76.612476     245.574662      14.645522
 39657.87     345.534475      77.535588     252.784222      15.214665
 39692.08     353.806760      78.523735     259.515534      15.767491
 39726.30     361.541660      79.532812     265.708342      16.300506
 39760.51     368.640237      80.523210     271.306731      16.810297
 39794.72     375.012920      81.459641     276.259715      17.293564
 39828.93     380.579922      82.310971     280.521798      17.747153
 39863.15     385.271621      83.050064     284.053471      18.168086
 39897.36     389.028872      83.653627     286.821655      18.553591
 39931.57     391.803254      84.102060     288.800068      18.901126
 39965.79     393.557233      84.379311     289.969513      19.208409
 40000.00     394.264230      84.472723     290.318070      19.473438
