  5000.00       0.000000       0.000000       0.000000       0.000000
  5034.21       0.000000       0.000000       0.000000       0.000000
  5068.43       0.000000       0.000000       0.000000       0.000000
  5102.64       0.000000       0.000000       0.000000       0.000000
  5136.85       0.000000       0.000000       0.000000       0.000000
  5171.07       0.000000       0.000000       0.000000       0.000000
  5205.28       0.000000       0.000000       0.000000       0.000000
  5239.49       0.000000       0.000000       0.000000       0.000000
  5273.70       0.000000       0.000000       0.000000       0.000000
  5307.92       0.000000       0.000000       0.000000       0.000000
  5342.13       0.000000       0.000000       0.000000       0.000000
  5376.34       0.000000       0.000000       0.000000       0.000000
  5410.56       0.000000       0.000000       0.000000       0.000000
  5444.77       0.000000       0.000000       0.000000       0.000000
  5478.98       0.000000       0.000000       0.000000       0.000000
  5513.20       0.000000       0.000000       0.000000       0.000000
  5547.41       0.000000       0.000000       0.000000       0.000000
  5581.62       0.000000       0.000000       0.000000       0.000000
  5615.84       0.000000       0.000000       0.000000       0.000000
  5650.05       0.000000       0.000000       0.000000       0.000000
  5684.26       0.000000       0.000000       0.000000       0.000000
  5718.48       0.000000       0.000000       0.000000       0.000000
  5752.69       0.000000       0.000000       0.000000       0.000000
  5786.90       0.000000       0.000000       0.000000       0.000000
  5821.11       0.000000       0.000000       0.000000       0.000000
  5855.33       0.000000       0.000000       0.000000       0.000000
  5889.54       0.000000       0.000000       0.000000       0.000000
  5923.75       0.000000       0.000000       0.000000       0.000000
  5957.97       0.000000       0.000000       0.000000       0.000000
  5992.18       0.000000       0.000000       0.000000       0.000000
  6026.39       0.000000       0.000000       0.000000       0.000000
  6060.61       0.000000       0.000000       0.000000       0.000000
  6094.82       0.000000       0.000000       0.000000       0.000000
  6129.03       0.000000       0.000000       0.000000       0.000000
  6163.25       0.000000       0.000000       0.000000       0.000000
  6197.46       0.000000       0.000000       0.000000       0.000000
  6231.67       0.000001       0.000000       0.000000       0.000000
  6265.88       0.000001       0.000000       0.000000       0.000000
  6300.10       0.000001       0.000000       0.000000       0.000000
  6334.31       0.000001       0.000000       0.000000       0.000000
  6368.52       0.000001       0.000000       0.000000       0.000001
  6402.74       0.000002       0.000000       0.000001       0.000001
  6436.95       0.000002       0.000001       0.000001       0.000001
  6471.16       0.000003       0.000001       0.000001       0.000001
  6505.38       0.000003       0.000001       0.000001       0.000001
  6539.59       0.000004       0.000001       0.000001       0.000002
  6573.80       0.000005       0.000001       0.000002       0.000002
  6608.02       0.000006       0.000002       0.000002       0.000003
  6642.23       0.000007       0.000002       0.000003       0.000003
  6676.44       0.000009       0.000002       0.000003       0.000004
  6710.65       0.000011       0.000003       0.000004       0.000005
  6744.87       0.000013       0.000003       0.000005       0.000006
  6779.08       0.000016       0.000004       0.000006       0.000007
  6813.29       0.000019       0.000005       0.000007       0.000008
  6847.51       0.000023       0.000006       0.000008       0.000010
  6881.72       0.000028       0.000007       0.000010       0.000012
  6915.93       0.000033       0.000008       0.000011       0.000014
  6950.15       0.000040       0.000010       0.000014       0.000016
  6984.36       0.000047       0.000012       0.000016       0.000019
  7018.57       0.000056       0.000014       0.000019       0.000023
  7052.79       0.000066       0.000016       0.000023       0.000027
  7087.00       0.000077       0.000019       0.000026       0.000032
  7121.21       0.000091       0.000022       0.000031       0.000038
  7155.43       0.000106       0.000026       0.000036       0.000044
  7189.64       0.000124       0.000030       0.000042       0.000051
  7223.85       0.000144       0.000035       0.000049       0.000059
  7258.06       0.000167       0.000041       0.000057       0.000069
  7292.28       0.000193       0.000047       0.000066       0.000080
  7326.49       0.000222       0.000054       0.000076       0.000092
  7360.70       0.000255       0.000062       0.000087       0.000106
  7394.92       0.000292       0.000071       0.000100       0.000121
  7429.13       0.000334       0.000082       0.000114       0.000138
  7463.34       0.000381       0.000093       0.000130       0.000157
  7497.56       0.000433       0.000106       0.000148       0.000179
  7531.77       0.000490       0.000120       0.000168       0.000203
  7565.98       0.000553       0.000135       0.000189       0.000229
  7600.20       0.000623       0.000152       0.000213       0.000258
  7634.41       0.000700       0.000171       0.000240       0.000290
  7668.62       0.000784       0.000191       0.000268       0.000324
  7702.83       0.000875       0.000214       0.000300       0.000362
  7737.05       0.000974       0.000238       0.000333       0.000403
  7771.26       0.001082       0.000264       0.000370       0.000447
  7805.47       0.001198       0.000292       0.000410       0.000495
  7839.69       0.001322       0.000323       0.000452       0.000547
  7873.90       0.001455       0.000355       0.000498       0.000602
  7908.11       0.001596       0.000390       0.000546       0.000660
  7942.33       0.001747       0.000426       0.000598       0.000723
  7976.54       0.001906       0.000465       0.000652       0.000789
  8010.75       0.002074       0.000506       0.000710       0.000858
  8044.97       0.002250       0.000549       0.000770       0.000931
  8079.18       0.002433       0.000594       0.000833       0.001007
  8113.39       0.002625       0.000641       0.000898       0.001086
  8147.61       0.002823       0.000689       0.000966       0.001168
  8181.82       0.003027       0.000739       0.001036       0.001252
  8216.03       0.003237       0.000790       0.001108       0.001339
  8250.24       0.003451       0.000842       0.001181       0.001428
  8284.46       0.003669       0.000895       0.001255       0.001518
  8318.67       0.003889       0.000949       0.001331       0.001609
  8352.88       0.004111       0.001003       0.001407       0.001701
  8387.10       0.004333       0.001057       0.001483       0.001793
  8421.31       0.004554       0.001111       0.001558       0.001884
  8455.52       0.004772       0.001164       0.001633       0.001975
  8489.74       0.004986       0.001217       0.001706       0.002064
  8523.95       0.005195       0.001267       0.001777       0.002150
  8558.16       0.005397       0.001317       0.001847       0.002234
  8592.38       0.005591       0.001364       0.001913       0.002314
  8626.59       0.005775       0.001409       0.001976       0.002390
  8660.80       0.005947       0.001451       0.002035       0.002462
  8695.01       0.006108       0.001490       0.002090       0.002528
  8729.23       0.006254       0.001526       0.002140       0.002589
  8763.44       0.006386       0.001558       0.002185       0.002643
  8797.65       0.006502       0.001586       0.002224       0.002691
  8831.87       0.006600       0.001610       0.002258       0.002732
  8866.08       0.006681       0.001630       0.002286       0.002766
  8900.29       0.006744       0.001645       0.002307       0.002792
  8934.51       0.006787       0.001655       0.002322       0.002810
  8968.72       0.006811       0.001661       0.002330       0.002820
  9002.93       0.006816       0.001662       0.002332       0.002822
  9037.15       0.006800       0.001659       0.002326       0.002815
  9071.36       0.006765       0.001650       0.002315       0.002801
  9105.57       0.006711       0.001637       0.002296       0.002779
  9139.78       0.006639       0.001619       0.002271       0.002749
  9174.00       0.006548       0.001597       0.002240       0.002711
  9208.21       0.006440       0.001570       0.002203       0.002666
  9242.42       0.006315       0.001540       0.002160       0.002615
  9276.64       0.006175       0.001506       0.002112       0.002557
  9310.85       0.006021       0.001468       0.002060       0.002493
  9345.06       0.005853       0.001427       0.002002       0.002424
  9379.28       0.005674       0.001383       0.001941       0.002350
  9413.49       0.005484       0.001337       0.001876       0.002271
  9447.70       0.005286       0.001289       0.001808       0.002189
  9481.92       0.005080       0.001239       0.001738       0.002104
  9516.13       0.004868       0.001187       0.001665       0.002016
  9550.34       0.004651       0.001134       0.001591       0.001926
  9584.56       0.004432       0.001080       0.001516       0.001835
  9618.77       0.004210       0.001026       0.001440       0.001744
  9652.98       0.003988       0.000972       0.001364       0.001652
  9687.19       0.003767       0.000918       0.001288       0.001560
  9721.41       0.003548       0.000865       0.001214       0.001469
  9755.62       0.003332       0.000812       0.001140       0.001380
  9789.83       0.003120       0.000760       0.001067       0.001292
  9824.05       0.002913       0.000710       0.000996       0.001207
  9858.26       0.002712       0.000661       0.000928       0.001123
  9892.47       0.002518       0.000614       0.000861       0.001043
  9926.69       0.002331       0.000568       0.000797       0.000965
  9960.90       0.002151       0.000524       0.000736       0.000891
  9995.11       0.001980       0.000482       0.000677       0.000820
 10029.33       0.001817       0.000443       0.000621       0.000753
 10063.54       0.001662       0.000405       0.000569       0.000689
 10097.75       0.001517       0.000370       0.000519       0.000628
 10131.96       0.001380       0.000336       0.000472       0.000572
 10166.18       0.001252       0.000305       0.000428       0.000519
 10200.39       0.001132       0.000276       0.000387       0.000469
 10234.60       0.001021       0.000249       0.000349       0.000423
 10268.82       0.000918       0.000224       0.000314       0.000381
 10303.03       0.000824       0.000201       0.000282       0.000341
 10337.24       0.000736       0.000179       0.000252       0.000305
 10371.46       0.000657       0.000160       0.000225       0.000272
 10405.67       0.000584       0.000142       0.000200       0.000242
 10439.88       0.000517       0.000126       0.000177       0.000214
 10474.10       0.000457       0.000111       0.000156       0.000190
 10508.31       0.000403       0.000098       0.000138       0.000167
 10542.52       0.000354       0.000086       0.000121       0.000147
 10576.74       0.000310       0.000076       0.000106       0.000129
 10610.95       0.000271       0.000066       0.000093       0.000112
 10645.16       0.000236       0.000058       0.000081       0.000098
 10679.37       0.000205       0.000050       0.000070       0.000085
 10713.59       0.000178       0.000043       0.000061       0.000074
 10747.80       0.000154       0.000037       0.000053       0.000064
 10782.01       0.000132       0.000032       0.000045       0.000055
 10816.23       0.000114       0.000028       0.000039       0.000047
 10850.44       0.000097       0.000024       0.000033       0.000040
 10884.65       0.000083       0.000020       0.000028       0.000034
 10918.87       0.000071       0.000017       0.000024       0.000029
 10953.08       0.000060       0.000015       0.000021       0.000025
 10987.29       0.000051       0.000012       0.000017       0.000021
 11021.51       0.000043       0.000010       0.000015       0.000018
 11055.72       0.000036       0.000009       0.000012       0.000015
 11089.93       0.000030       0.000007       0.000010       0.000013
 11124.14       0.000025       0.000006       0.000009       0.000011
 11158.36       0.000021       0.000005       0.000007       0.000009
 11192.57       0.000018       0.000004       0.000006       0.000007
 11226.78       0.000015       0.000004       0.000005       0.000006
 11261.00       0.000012       0.000003       0.000004       0.000005
 11295.21       0.000010       0.000002       0.000003       0.000004
 11329.42       0.000008       0.000002       0.000003       0.000003
 11363.64       0.000007       0.000002       0.000002       0.000003
 11397.85       0.000005       0.000001       0.000002       0.000002
 11432.06       0.000004       0.000001       0.000002       0.000002
 11466.28       0.000004       0.000001       0.000001       0.000002
 11500.49       0.000003       0.000001       0.000001       0.000001
 11534.70       0.000002       0.000001       0.000001       0.000001
 11568.91       0.000002       0.000000       0.000001       0.000001
 11603.13       0.000002       0.000000       0.000001       0.000001
 11637.34       0.000001       0.000000       0.000000       0.000001
 11671.55       0.000001       0.000000       0.000000       0.000000
 11705.77       0.000001       0.000000       0.000000       0.000000
 11739.98       0.000001       0.000000       0.000000       0.000000
 11774.19       0.000000       0.000000       0.000000       0.000000
 11808.41       0.000000       0.000000       0.000000       0.000000
 11842.62       0.000000       0.000000       0.000000       0.000000
 11876.83       0.000000       0.000000       0.000000       0.000000
 11911.05       0.000000       0.000000       0.000000       0.000000
 11945.26       0.000000       0.000000       0.000000       0.000000
 11979.47       0.000000       0.000000       0.000000       0.000000
 12013.69       0.000000       0.000000       0.000000       0.000000
 12047.90       0.000000       0.000000       0.000000       0.000000
 12082.11       0.000000       0.000000       0.000000       0.000000
 12116.32       0.000000       0.000000       0.000000       0.000000
 12150.54       0.000000       0.000000       0.000000       0.000000
 12184.75       0.000000       0.000000       0.000000       0.000000
 12218.96       0.000000       0.000000       0.000000       0.000000
 12253.18       0.000000       0.000000       0.000000       0.000000
 12287.39       0.000000       0.000000       0.000000       0.000000
 12321.60       0.000000       0.000000       0.000000       0.000000
 12355.82       0.000000       0.000000       0.000000       0.000000
 12390.03       0.000000       0.000000       0.000000       0.000000
 12424.24       0.000000       0.000000       0.000000       0.000000
 12458.46       0.000000       0.000000       0.000000       0.000000
 12492.67       0.000000       0.000000       0.000000       0.000000
 12526.88       0.000000       0.000000       0.000000       0.000000
 12561.09       0.000000       0.000000       0.000000       0.000000
 12595.31       0.000000       0.000000       0.000000       0.000000
 12629.52       0.000000       0.000000       0.000000       0.000000
 12663.73       0.000000       0.000000       0.000000       0.000000
 12697.95       0.000000       0.000000       0.000000       0.000000
 12732.16       0.000000       0.000000       0.000000       0.000000
 12766.37       0.000000       0.000000       0.000000       0.000000
 12800.59       0.000000       0.000000       0.000000       0.000000
 12834.80       0.000000       0.000000       0.000000       0.000000
 12869.01       0.000000       0.000000       0.000000       0.000000
 12903.23       0.000000       0.000000       0.000000       0.000000
 12937.44       0.000000       0.000000       0.000000       0.000000
 12971.65       0.000000       0.000000       0.000000       0.000000
 13005.87       0.000000       0.000000       0.000000       0.000000
 13040.08       0.000000       0.000000       0.000000       0.000000
 13074.29       0.000000       0.000000       0.000000       0.000000
 13108.50       0.000000       0.000000       0.000000       0.000000
 13142.72       0.000000       0.000000       0.000000       0.000000
 13176.93       0.000000       0.000000       0.000000       0.000000
 13211.14       0.000000       0.000000       0.000000       0.000000
 13245.36       0.000000       0.000000       0.000000       0.000000
 13279.57       0.000000       0.000000       0.000000       0.000000
 13313.78       0.000000       0.000000       0.000000       0.000000
 13348.00       0.000000       0.000000       0.000000       0.000000
 13382.21       0.000000       0.000000       0.000000       0.000000
 13416.42       0.000000       0.000000       0.000000       0.000000
 13450.64       0.000000       0.000000       0.000000       0.000000
 13484.85       0.000000       0.000000       0.000000       0.000000
 13519.06       0.000000       0.000000       0.000000       0.000000
 13553.27       0.000000       0.000000       0.000000       0.000000
 13587.49       0.000000       0.000000       0.000000       0.000000
 13621.70       0.000000       0.000000       0.000000       0.000000
 13655.91       0.000000       0.000000       0.000000       0.000000
 13690.13       0.000000       0.000000       0.000000       0.000000
 13724.34       0.000000       0.000000       0.000000       0.000000
 13758.55       0.000000       0.000000       0.000000       0.000000
 13792.77       0.000000       0.000000       0.000000       0.000000
 13826.98       0.000000       0.000000       0.000000       0.000000
 13861.19       0.000000       0.000000       0.000000       0.000000
 13895.41       0.000000       0.000000       0.000000       0.000000
 13929.62       0.000000       0.000000       0.000000       0.000000
 13963.83       0.000000       0.000000       0.000000       0.000000
 13998.04       0.000000       0.000000       0.000000       0.000000
 14032.26       0.000000       0.000000       0.000000       0.000000
 14066.47       0.000000       0.000000       0.000000       0.000000
 14100.68       0.000000       0.000000       0.000000       0.000000
 14134.90       0.000000       0.000000       0.000000       0.000000
 14169.11       0.000000       0.000000       0.000000       0.000000
 14203.32       0.000000       0.000000       0.000000       0.000000
 14237.54       0.000000       0.000000       0.000000       0.000000
 14271.75       0.000000       0.000000       0.000000       0.000000
 14305.96       0.000000       0.000000       0.000000       0.000000
 14340.18       0.000000       0.000000       0.000000       0.000000
 14374.39       0.000000       0.000000       0.000000       0.000000
 14408.60       0.000000       0.000000       0.000000       0.000000
 14442.82       0.000000       0.000000       0.000000       0.000000
 14477.03       0.000000       0.000000       0.000000       0.000000
 14511.24       0.000000       0.000000       0.000000       0.000000
 14545.45       0.000000       0.000000       0.000000       0.000000
 14579.67       0.000000       0.000000       0.000000       0.000000
 14613.88       0.000000       0.000000       0.000000       0.000000
 14648.09       0.000000       0.000000       0.000000       0.000000
 14682.31       0.000000       0.000000       0.000000       0.000000
 14716.52       0.000000       0.000000       0.000000       0.000000
 14750.73       0.000000       0.000000       0.000000       0.000000
 14784.95       0.000000       0.000000       0.000000       0.000000
 14819.16       0.000000       0.000000       0.000000       0.000000
 14853.37       0.000000       0.000000       0.000000       0.000000
 14887.59       0.000000       0.000000       0.000000       0.000000
 14921.80       0.000000       0.000000       0.000000       0.000000
 14956.01       0.000000       0.000000       0.000000       0.000000
 14990.22       0.000000       0.000000       0.000000       0.000000
 15024.44       0.000000       0.000000       0.000000       0.000000
 15058.65       0.000000       0.000000       0.000000       0.000000
 15092.86       0.000000       0.000000       0.000000       0.000000
 15127.08       0.000000       0.000000       0.000000       0.000000
 15161.29       0.000000       0.000000       0.000000       0.000000
 15195.50       0.000000       0.000000       0.000000       0.000000
 15229.72       0.000000       0.000000       0.000000       0.000000
 15263.93       0.000000       0.000000       0.000000       0.000000
 15298.14       0.000000       0.000000       0.000000       0.000000
 15332.36       0.000000       0.000000       0.000000       0.000000
 15366.57       0.000000       0.000000       0.000000       0.000000
 15400.78       0.000000       0.000000       0.000000       0.000000
 15435.00       0.000000       0.000000       0.000000       0.000000
 15469.21       0.000000       0.000000       0.000000       0.000000
 15503.42       0.000000       0.000000       0.000000       0.000000
 15537.63       0.000000       0.000000       0.000000       0.000000
 15571.85       0.000000       0.000000       0.000000       0.000000
 15606.06       0.000000       0.000000       0.000000       0.000000
 15640.27       0.000000       0.000000       0.000000       0.000000
 15674.49       0.000000       0.000000       0.000000       0.000000
 15708.70       0.000000       0.000000       0.000000       0.000000
 15742.91       0.000000       0.000000       0.000000       0.000000
 15777.13       0.000000       0.000000       0.000000       0.000000
 15811.34       0.000000       0.000000       0.000000       0.000000
 15845.55       0.000000       0.000000       0.000000       0.000000
 15879.77       0.000000       0.000000       0.000000       0.000000
 15913.98       0.000000       0.000000       0.000000       0.000000
 15948.19       0.000000       0.000000       0.000000       0.000000
 15982.40       0.000000       0.000000       0.000000       0.000000
 16016.62       0.000000       0.000000       0.000000       0.000000
 16050.83       0.000000       0.000000       0.000000       0.000000
 16085.04       0.000000       0.000000       0.000000       0.000000
 16119.26       0.000000       0.000000       0.000000       0.000000
 16153.47       0.000000       0.000000       0.000000       0.000000
 16187.68       0.000000       0.000000       0.000000       0.000000
 16221.90       0.000000       0.000000       0.000000       0.000000
 16256.11       0.000000       0.000000       0.000000       0.000000
 16290.32       0.000000       0.000000       0.000000       0.000000
 16324.54       0.000000       0.000000       0.000000       0.000000
 16358.75       0.000000       0.000000       0.000000       0.000000
 16392.96       0.000000       0.000000       0.000000       0.000000
 16427.17       0.000000       0.000000       0.000000       0.000000
 16461.39       0.000000       0.000000       0.000000       0.000000
 16495.60       0.000000       0.000000       0.000000       0.000000
 16529.81       0.000000       0.000000       0.000000       0.000000
 16564.03       0.000000       0.000000       0.000000       0.000000
 16598.24       0.000000       0.000000       0.000000       0.000000
 16632.45       0.000000       0.000000       0.000000       0.000000
 16666.67       0.000000       0.000000       0.000000       0.000000
 16700.88       0.000000       0.000000       0.000000       0.000000
 16735.09       0.000000       0.000000       0.000000       0.000000
 16769.31       0.000000       0.000000       0.000000       0.000000
 16803.52       0.000000       0.000000       0.000000       0.000000
 16837.73       0.000000       0.000000       0.000000       0.000000
 16871.95       0.000000       0.000000       0.000000       0.000000
 16906.16       0.000000       0.000000       0.000000       0.000000
 16940.37       0.000000       0.000000       0.000000       0.000000
 16974.58       0.000000       0.000000       0.000000       0.000000
 17008.80       0.000000       0.000000       0.000000       0.000000
 17043.01       0.000000       0.000000       0.000000       0.000000
 17077.22       0.000000       0.000000       0.000000       0.000000
 17111.44       0.000000       0.000000       0.000000       0.000000
 17145.65       0.000000       0.000000       0.000000       0.000000
 17179.86       0.000000       0.000000       0.000000       0.000000
 17214.08       0.000000       0.000000       0.000000       0.000000
 17248.29       0.000000       0.000000       0.000000       0.000000
 17282.50       0.000000       0.000000       0.000000       0.000000
 17316.72       0.000000       0.000000       0.000000       0.000000
 17350.93       0.000000       0.000000       0.000000       0.000000
 17385.14       0.000000       0.000000       0.000000       0.000000
 17419.35       0.000000       0.000000       0.000000       0.000000
 17453.57       0.000000       0.000000       0.000000       0.000000
 17487.78       0.000000       0.000000       0.000000       0.000000
 17521.99       0.000000       0.000000       0.000000       0.000000
 17556.21       0.000000       0.000000       0.000000       0.000000
 17590.42       0.000000       0.000000       0.000000       0.000000
 17624.63       0.000000       0.000000       0.000000       0.000000
 17658.85       0.000000       0.000000       0.000000       0.000000
 17693.06       0.000000       0.000000       0.000000       0.000000
 17727.27       0.000000       0.000000       0.000000       0.000000
 17761.49       0.000000       0.000000       0.000000       0.000000
 17795.70       0.000000       0.000000       0.000000       0.000000
 17829.91       0.000000       0.000000       0.000000       0.000000
 17864.13       0.000000       0.000000       0.000000       0.000000
 17898.34       0.000000       0.000000       0.000000       0.000000
 17932.55       0.000000       0.000000       0.000000       0.000000
 17966.76       0.000000       0.000000       0.000000       0.000000
 18000.98       0.000000       0.000000       0.000000       0.000000
 18035.19       0.000000       0.000000       0.000000       0.000000
 18069.40       0.000000       0.000000       0.000000       0.000000
 18103.62       0.000000       0.000000       0.000000       0.000000
 18137.83       0.000000       0.000000       0.000000       0.000000
 18172.04       0.000000       0.000000       0.000000       0.000000
 18206.26       0.000000       0.000000       0.000000       0.000000
 18240.47       0.000000       0.000000       0.000000       0.000000
 18274.68       0.000000       0.000000       0.000000       0.000000
 18308.90       0.000000       0.000000       0.000000       0.000000
 18343.11       0.000000       0.000000       0.000000       0.000000
 18377.32       0.000000       0.000000       0.000000       0.000000
 18411.53       0.000000       0.000000       0.000000       0.000000
 18445.75       0.000000       0.000000       0.000000       0.000000
 18479.96       0.000000       0.000000       0.000000       0.000000
 18514.17       0.000000       0.000000       0.000000       0.000000
 18548.39       0.000000       0.000000       0.000000       0.000000
 18582.60       0.000000       0.000000       0.000000       0.000000
 18616.81       0.000000       0.000000       0.000000       0.000000
 18651.03       0.000000       0.000000       0.000000       0.000000
 18685.24       0.000000       0.000000       0.000000       0.000000
 18719.45       0.000000       0.000000       0.000000       0.000000
 18753.67       0.000000       0.000000       0.000000       0.000000
 18787.88       0.000000       0.000000       0.000000       0.000000
 18822.09       0.000000       0.000000       0.000000       0.000000
 18856.30       0.000000       0.000000       0.000000       0.000000
 18890.52       0.000000       0.000000       0.000000       0.000000
 18924.73       0.000000       0.000000       0.000000       0.000000
 18958.94       0.000000       0.000000       0.000000       0.000000
 18993.16       0.000000       0.000000       0.000000       0.000000
 19027.37       0.000000       0.000000       0.000000       0.000000
 19061.58       0.000000       0.000000       0.000000       0.000000
 19095.80       0.000000       0.000000       0.000000       0.000000
 19130.01       0.000000       0.000000       0.000000       0.000000
 19164.22       0.000000       0.000000       0.000000       0.000000
 19198.44       0.000000       0.000000       0.000000       0.000000
 19232.65       0.000000       0.000000       0.000000       0.000000
 19266.86       0.000000       0.000000       0.000000       0.000000
 19301.08       0.000000       0.000000       0.000000       0.000000
 19335.29       0.000000       0.000000       0.000000       0.000000
 19369.50       0.000000       0.000000       0.000000       0.000000
 19403.71       0.000000       0.000000       0.000000       0.000000
 19437.93       0.000000       0.000000       0.000000       0.000000
 19472.14       0.000000       0.000000       0.000000       0.000000
 19506.35       0.000000       0.000000       0.000000       0.000000
 19540.57       0.000000       0.000000       0.000000       0.000000
 19574.78       0.000000       0.000000       0.000000       0.000000
 19608.99       0.000000       0.000000       0.000000       0.000000
 19643.21       0.000000       0.000000       0.000000       0.000000
 19677.42       0.000000       0.000000       0.000000       0.000000
 19711.63       0.000000       0.000000       0.000000       0.000000
 19745.85       0.000000       0.000000       0.000000       0.000000
 19780.06       0.000000       0.000000       0.000000       0.000000
 19814.27       0.000000       0.000000       0.000000       0.000000
 19848.48       0.000000       0.000000       0.000000       0.000000
 19882.70       0.000000       0.000000       0.000000       0.000000
 19916.91       0.000000       0.000000       0.000000       0.000000
 19951.12       0.000000       0.000000       0.000000       0.000000
 19985.34       0.000000       0.000000       0.000000       0.000000
 20019.55       0.000000       0.000000       0.000000       0.000000
 20053.76       0.000000       0.000000       0.000000       0.000000
 20087.98       0.000000       0.000000       0.000000       0.000000
 20122.19       0.000000       0.000000       0.000000       0.000000
 20156.40       0.000000       0.000000       0.000000       0.000000
 20190.62       0.000000       0.000000       0.000000       0.000000
 20224.83       0.000000       0.000000       0.000000       0.000000
 20259.04       0.000000       0.000000       0.000000       0.000000
 20293.26       0.000000       0.000000       0.000000       0.000000
 20327.47       0.000000       0.000000       0.000000       0.000000
 20361.68       0.000000       0.000000       0.000000       0.000000
 20395.89       0.000000       0.000000       0.000000       0.000000
 20430.11       0.000000       0.000000       0.000000       0.000000
 20464.32       0.000000       0.000000       0.000000       0.000000
 20498.53       0.000000       0.000000       0.000000       0.000000
 20532.75       0.000000       0.000000       0.000000       0.000000
 20566.96       0.000000       0.000000       0.000000       0.000000
 20601.17       0.000000       0.000000       0.000000       0.000000
 20635.39       0.000000       0.000000       0.000000       0.000000
 20669.60       0.000000       0.000000       0.000000       0.000000
 20703.81       0.000000       0.000000       0.000000       0.000000
 20738.03       0.000000       0.000000       0.000000       0.000000
 20772.24       0.000000       0.000000       0.000000       0.000000
 20806.45       0.000000       0.000000       0.000000       0.000000
 20840.66       0.000000       0.000000       0.000000       0.000000
 20874.88       0.000000       0.000000       0.000000       0.000000
 20909.09       0.000000       0.000000       0.000000       0.000000
 20943.30       0.000000       0.000000       0.000000       0.000000
 20977.52       0.000000       0.000000       0.000000       0.000000
 21011.73       0.000000       0.000000       0.000000       0.000000
 21045.94       0.000000       0.000000       0.000000       0.000000
 21080.16       0.000000       0.000000       0.000000       0.000000
 21114.37       0.000000       0.000000       0.000000       0.000000
 21148.58       0.000000       0.000000       0.000000       0.000000
 21182.80       0.000000       0.000000       0.000000       0.000000
 21217.01       0.000000       0.000000       0.000000       0.000000
 21251.22       0.000000       0.000000       0.000000       0.000000
 21285.43       0.000000       0.000000       0.000000       0.000000
 21319.65       0.000000       0.000000       0.000000       0.000000
 21353.86       0.000000       0.000000       0.000000       0.000000
 21388.07       0.000000       0.000000       0.000000       0.000000
 21422.29       0.000000       0.000000       0.000000       0.000000
 21456.50       0.000000       0.000000       0.000000       0.000000
 21490.71       0.000000       0.000000       0.000000       0.000000
 21524.93       0.000000       0.000000       0.000000       0.000000
 21559.14       0.000000       0.000000       0.000000       0.000000
 21593.35       0.000000       0.000000       0.000000       0.000000
 21627.57       0.000000       0.000000       0.000000       0.000000
 21661.78       0.000000       0.000000       0.000000       0.000000
 21695.99       0.000000       0.000000       0.000000       0.000000
 21730.21       0.000000       0.000000       0.000000       0.000000
 21764.42       0.000000       0.000000       0.000000       0.000000
 21798.63       0.000000       0.000000       0.000000       0.000000
 21832.84       0.000000       0.000000       0.000000       0.000000
 21867.06       0.000000       0.000000       0.000000       0.000000
 21901.27       0.000000       0.000000       0.000000       0.000000
 21935.48       0.000000       0.000000       0.000000       0.000000
 21969.70       0.000000       0.000000       0.000000       0.000000
 22003.91       0.000000       0.000000       0.000000       0.000000
 22038.12       0.000000       0.000000       0.000000       0.000000
 22072.34       0.000000       0.000000       0.000000       0.000000
 22106.55       0.000000       0.000000       0.000000       0.000000
 22140.76       0.000000       0.000000       0.000000       0.000000
 22174.98       0.000000       0.000000       0.000000       0.000000
 22209.19       0.000000       0.000000       0.000000       0.000000
 22243.40       0.000000       0.000000       0.000000       0.000000
 22277.61       0.000000       0.000000       0.000000       0.000000
 22311.83       0.000000       0.000000       0.000000       0.000000
 22346.04       0.000000       0.000000       0.000000       0.000000
 22380.25       0.000000       0.000000       0.000000       0.000000
 22414.47       0.000000       0.000000       0.000000       0.000000
 22448.68       0.000000       0.000000       0.000000       0.000000
 22482.89       0.000000       0.000000       0.000000       0.000000
 22517.11       0.000000       0.000000       0.000000       0.000000
 22551.32       0.000000       0.000000       0.000000       0.000000
 22585.53       0.000000       0.000000       0.000000       0.000000
 22619.75       0.000000       0.000000       0.000000       0.000000
 22653.96       0.000000       0.000000       0.000000       0.000000
 22688.17       0.000000       0.000000       0.000000       0.000000
 22722.39       0.000000       0.000000       0.000000       0.000000
 22756.60       0.000000       0.000000       0.000000       0.000000
 22790.81       0.000000       0.000000       0.000000       0.000000
 22825.02       0.000000       0.000000       0.000000       0.000000
 22859.24       0.000000       0.000000       0.000000       0.000000
 22893.45       0.000000       0.000000       0.000000       0.000000
 22927.66       0.000000       0.000000       0.000000       0.000000
 22961.88       0.000000       0.000000       0.000000       0.000000
 22996.09       0.000000       0.000000       0.000000       0.000000
 23030.30       0.000000       0.000000       0.000000       0.000000
 23064.52       0.000000       0.000000       0.000000       0.000000
 23098.73       0.000000       0.000000       0.000000       0.000000
 23132.94       0.000000       0.000000       0.000000       0.000000
 23167.16       0.000000       0.000000       0.000000       0.000000
 23201.37       0.000000       0.000000       0.000000       0.000000
 23235.58       0.000000       0.000000       0.000000       0.000000
 23269.79       0.000000       0.000000       0.000000       0.000000
 23304.01       0.000000       0.000000       0.000000       0.000000
 23338.22       0.000000       0.000000       0.000000       0.000000
 23372.43       0.000000       0.000000       0.000000       0.000000
 23406.65       0.000000       0.000000       0.000000       0.000000
 23440.86       0.000000       0.000000       0.000000       0.000000
 23475.07       0.000000       0.000000       0.000000       0.000000
 23509.29       0.000000       0.000000       0.000000       0.000000
 23543.50       0.000000       0.000000       0.000000       0.000000
 23577.71       0.000000       0.000000       0.000000       0.000000
 23611.93       0.000000       0.000000       0.000000       0.000000
 23646.14       0.000000       0.000000       0.000000       0.000000
 23680.35       0.000000       0.000000       0.000000       0.000000
 23714.57       0.000000       0.000000       0.000000       0.000000
 23748.78       0.000000       0.000000       0.000000       0.000000
 23782.99       0.000000       0.000000       0.000000       0.000000
 23817.20       0.000000       0.000000       0.000000       0.000000
 23851.42       0.000000       0.000000       0.000000       0.000000
 23885.63       0.000000       0.000000       0.000000       0.000000
 23919.84       0.000000       0.000000       0.000000       0.000000
 23954.06       0.000000       0.000000       0.000000       0.000000
 23988.27       0.000000       0.000000       0.000000       0.000000
 24022.48       0.000000       0.000000       0.000000       0.000000
 24056.70       0.000000       0.000000       0.000000       0.000000
 24090.91       0.000000       0.000000       0.000000       0.000000
 24125.12       0.000000       0.000000       0.000000       0.000000
 24159.34       0.000000       0.000000       0.000000       0.000000
 24193.55       0.000000       0.000000       0.000000       0.000000
 24227.76       0.000000       0.000000       0.000000       0.000000
 24261.97       0.000000       0.000000       0.000000       0.000000
 24296.19       0.000000       0.000000       0.000000       0.000000
 24330.40       0.000000       0.000000       0.000000       0.000000
 24364.61       0.000000       0.000000       0.000000       0.000000
 24398.83       0.000000       0.000000       0.000000       0.000000
 24433.04       0.000000       0.000000       0.000000       0.000000
 24467.25       0.000000       0.000000       0.000000       0.000000
 24501.47       0.000000       0.000000       0.000000       0.000000
 24535.68       0.000000       0.000000       0.000000       0.000000
 24569.89       0.000000       0.000000       0.000000       0.000000
 24604.11       0.000000       0.000000       0.000000       0.000000
 24638.32       0.000000       0.000000       0.000000       0.000000
 24672.53       0.000000       0.000000       0.000000       0.000000
 24706.74       0.000000       0.000000       0.000000       0.000000
 24740.96       0.000000       0.000000       0.000000       0.000000
 24775.17       0.000000       0.000000       0.000000       0.000000
 24809.38       0.000000       0.000000       0.000000       0.000000
 24843.60       0.000000       0.000000       0.000000       0.000000
 24877.81       0.000000       0.000000       0.000000       0.000000
 24912.02       0.000000       0.000000       0.000000       0.000000
 24946.24       0.000000       0.000000       0.000000       0.000000
 24980.45       0.000000       0.000000       0.000000       0.000000
 25014.66       0.000000       0.000000       0.000000       0.000000
 25048.88       0.000000       0.000000       0.000000       0.000000
 25083.09       0.000000       0.000000       0.000000       0.000000
 25117.30       0.000000       0.000000       0.000000       0.000000
 25151.52       0.000000       0.000000       0.000000       0.000000
 25185.73       0.000000       0.000000       0.000000       0.000000
 25219.94       0.000000       0.000000       0.000000       0.000000
 25254.15       0.000000       0.000000       0.000000       0.000000
 25288.37       0.000000       0.000000       0.000000       0.000000
 25322.58       0.000000       0.000000       0.000000       0.000000
 25356.79       0.000000       0.000000       0.000000       0.000000
 25391.01       0.000000       0.000000       0.000000       0.000000
 25425.22       0.000000       0.000000       0.000000       0.000000
 25459.43       0.000000       0.000000       0.000000       0.000000
 25493.65       0.000000       0.000000       0.000000       0.000000
 25527.86       0.000000       0.000000       0.000000       0.000000
 25562.07       0.000000       0.000000       0.000000       0.000000
 25596.29       0.000000       0.000000       0.000000       0.000000
 25630.50       0.000000       0.000000       0.000000       0.000000
 25664.71       0.000000       0.000000       0.000000       0.000000
 25698.92       0.000000       0.000000       0.000000       0.000000
 25733.14       0.000000       0.000000       0.000000       0.000000
 25767.35       0.000000       0.000000       0.000000       0.000000
 25801.56       0.000000       0.000000       0.000000       0.000000
 25835.78       0.000000       0.000000       0.000000       0.000000
 25869.99       0.000000       0.000000       0.000000       0.000000
 25904.20       0.000000       0.000000       0.000000       0.000000
 25938.42       0.000000       0.000000       0.000000       0.000000
 25972.63       0.000000       0.000000       0.000000       0.000000
 26006.84       0.000000       0.000000       0.000000       0.000000
 26041.06       0.000000       0.000000       0.000000       0.000000
 26075.27       0.000000       0.000000       0.000000       0.000000
 26109.48       0.000000       0.000000       0.000000       0.000000
 26143.70       0.000000       0.000000       0.000000       0.000000
 26177.91       0.000000       0.000000       0.000000       0.000000
 26212.12       0.000000       0.000000       0.000000       0.000000
 26246.33       0.000000       0.000000       0.000000       0.000000
 26280.55       0.000000       0.000000       0.000000       0.000000
 26314.76       0.000000       0.000000       0.000000       0.000000
 26348.97       0.000000       0.000000       0.000000       0.000000
 26383.19       0.000000       0.000000       0.000000       0.000000
 26417.40       0.000000       0.000000       0.000000       0.000000
 26451.61       0.000000       0.000000       0.000000       0.000000
 26485.83       0.000000       0.000000       0.000000       0.000000
 26520.04       0.000000       0.000000       0.000000       0.000000
 26554.25       0.000000       0.000000       0.000000       0.000000
 26588.47       0.000000       0.000000       0.000000       0.000000
 26622.68       0.000000       0.000000       0.000000       0.000000
 26656.89       0.000000       0.000000       0.000000       0.000000
 26691.10       0.000000       0.000000       0.000000       0.000000
 26725.32       0.000000       0.000000       0.000000       0.000000
 26759.53       0.000000       0.000000       0.000000       0.000000
 26793.74       0.000000       0.000000       0.000000       0.000000
 26827.96       0.000000       0.000000       0.000000       0.000000
 26862.17       0.000000       0.000000       0.000000       0.000000
 26896.38       0.000000       0.000000       0.000000       0.000000
 26930.60       0.000000       0.000000       0.000000       0.000000
 26964.81       0.000000       0.000000       0.000000       0.000000
 26999.02       0.000000       0.000000       0.000000       0.000000
 27033.24       0.000000       0.000000       0.000000       0.000000
 27067.45       0.000000       0.000000       0.000000       0.000000
 27101.66       0.000000       0.000000       0.000000       0.000000
 27135.87       0.000000       0.000000       0.000000       0.000000
 27170.09       0.000000       0.000000       0.000000       0.000000
 27204.30       0.000000       0.000000       0.000000       0.000000
 27238.51       0.000000       0.000000       0.000000       0.000000
 27272.73       0.000000       0.000000       0.000000       0.000000
 27306.94       0.000000       0.000000       0.000000       0.000000
 27341.15       0.000000       0.000000       0.000000       0.000000
 27375.37       0.000000       0.000000       0.000000       0.000000
 27409.58       0.000000       0.000000       0.000000       0.000000
 27443.79       0.000000       0.000000       0.000000       0.000000
 27478.01       0.000000       0.000000       0.000000       0.000000
 27512.22       0.000000       0.000000       0.000000       0.000000
 27546.43       0.000000       0.000000       0.000000       0.000000
 27580.65       0.000000       0.000000       0.000000       0.000000
 27614.86       0.000000       0.000000       0.000000       0.000000
 27649.07       0.000000       0.000000       0.000000       0.000000
 27683.28       0.000000       0.000000       0.000000       0.000000
 27717.50       0.000000       0.000000       0.000000       0.000000
 27751.71       0.000000       0.000000       0.000000       0.000000
 27785.92       0.000000       0.000000       0.000000       0.000000
 27820.14       0.000000       0.000000       0.000000       0.000000
 27854.35       0.000000       0.000000       0.000000       0.000000
 27888.56       0.000000       0.000000       0.000000       0.000000
 27922.78       0.000000       0.000000       0.000000       0.000000
 27956.99       0.000000       0.000000       0.000000       0.000000
 27991.20       0.000000       0.000000       0.000000       0.000000
 28025.42       0.000000       0.000000       0.000000       0.000000
 28059.63       0.000000       0.000000       0.000000       0.000000
 28093.84       0.000000       0.000000       0.000000       0.000000
 28128.05       0.000000       0.000000       0.000000       0.000000
 28162.27       0.000000       0.000000       0.000000       0.000000
 28196.48       0.000000       0.000000       0.000000       0.000000
 28230.69       0.000000       0.000000       0.000000       0.000000
 28264.91       0.000000       0.000000       0.000000       0.000000
 28299.12       0.000000       0.000000       0.000000       0.000000
 28333.33       0.000000       0.000000       0.000000       0.000000
 28367.55       0.000000       0.000000       0.000000       0.000000
 28401.76       0.000000       0.000000       0.000000       0.000000
 28435.97       0.000000       0.000000       0.000000       0.000000
 28470.19       0.000000       0.000000       0.000000       0.000000
 28504.40       0.000000       0.000000       0.000000       0.000000
 28538.61       0.000000       0.000000       0.000000       0.000000
 28572.83       0.000000       0.000000       0.000000       0.000000
 28607.04       0.000000       0.000000       0.000000       0.000000
 28641.25       0.000000       0.000000       0.000000       0.000000
 28675.46       0.000000       0.000000       0.000000       0.000000
 28709.68       0.000000       0.000000       0.000000       0.000000
 28743.89       0.000000       0.000000       0.000000       0.000000
 28778.10       0.000000       0.000000       0.000000       0.000000
 28812.32       0.000000       0.000000       0.000000       0.000000
 28846.53       0.000000       0.000000       0.000000       0.000000
 28880.74       0.000000       0.000000       0.000000       0.000000
 28914.96       0.000000       0.000000       0.000000       0.000000
 28949.17       0.000000       0.000000       0.000000       0.000000
 28983.38       0.000000       0.000000       0.000000       0.000000
 29017.60       0.000000       0.000000       0.000000       0.000000
 29051.81       0.000000       0.000000       0.000000       0.000000
 29086.02       0.000000       0.000000       0.000000       0.000000
 29120.23       0.000000       0.000000       0.000000       0.000000
 29154.45       0.000000       0.000000       0.000000       0.000000
 29188.66       0.000000       0.000000       0.000000       0.000000
 29222.87       0.000000       0.000000       0.000000       0.000000
 29257.09       0.000000       0.000000       0.000000       0.000000
 29291.30       0.000000       0.000000       0.000000       0.000000
 29325.51       0.000000       0.000000       0.000000       0.000000
 29359.73       0.000000       0.000000       0.000000       0.000000
 29393.94       0.000000       0.000000       0.000000       0.000000
 29428.15       0.000000       0.000000       0.000000       0.000000
 29462.37       0.000000       0.000000       0.000000       0.000000
 29496.58       0.000000       0.000000       0.000000       0.000000
 29530.79       0.000000       0.000000       0.000000       0.000000
 29565.00       0.000000       0.000000       0.000000       0.000000
 29599.22       0.000000       0.000000       0.000000       0.000000
 29633.43       0.000000       0.000000       0.000000       0.000000
 29667.64       0.000000       0.000000       0.000000       0.000000
 29701.86       0.000000       0.000000       0.000000       0.000000
 29736.07       0.000000       0.000000       0.000000       0.000000
 29770.28       0.000000       0.000000       0.000000       0.000000
 29804.50       0.000000       0.000000       0.000000       0.000000
 29838.71       0.000000       0.000000       0.000000       0.000000
 29872.92       0.000000       0.000000       0.000000       0.000000
 29907.14       0.000000       0.000000       0.000000       0.000000
 29941.35       0.000000       0.000000       0.000000       0.000000
 29975.56       0.000000       0.000000       0.000000       0.000000
 30009.78       0.000000       0.000000       0.000000       0.000000
 30043.99       0.000000       0.000000       0.000000       0.000000
 30078.20       0.000000       0.000000       0.000000       0.000000
 30112.41       0.000000       0.000000       0.000000       0.000000
 30146.63       0.000000       0.000000       0.000000       0.000000
 30180.84       0.000000       0.000000       0.000000       0.000000
 30215.05       0.000000       0.000000       0.000000       0.000000
 30249.27       0.000000       0.000000       0.000000       0.000000
 30283.48       0.000000       0.000000       0.000000       0.000000
 30317.69       0.000000       0.000000       0.000000       0.000000
 30351.91       0.000000       0.000000       0.000000       0.000000
 30386.12       0.000000       0.000000       0.000000       0.000000
 30420.33       0.000000       0.000000       0.000000       0.000000
 30454.55       0.000000       0.000000       0.000000       0.000000
 30488.76       0.000000       0.000000       0.000000       0.000000
 30522.97       0.000000       0.000000       0.000000       0.000000
 30557.18       0.000000       0.000000       0.000000       0.000000
 30591.40       0.000000       0.000000       0.000000       0.000000
 30625.61       0.000000       0.000000       0.000000       0.000000
 30659.82       0.000000       0.000000       0.000000       0.000000
 30694.04       0.000000       0.000000       0.000000       0.000000
 30728.25       0.000000       0.000000       0.000000       0.000000
 30762.46       0.000000       0.000000       0.000000       0.000000
 30796.68       0.000000       0.000000       0.000000       0.000000
 30830.89       0.000000       0.000000       0.000000       0.000000
 30865.10       0.000000       0.000000       0.000000       0.000000
 30899.32       0.000000       0.000000       0.000000       0.000000
 30933.53       0.000000       0.000000       0.000000       0.000000
 30967.74       0.000000       0.000000       0.000000       0.000000
 31001.96       0.000000       0.000000       0.000000       0.000000
 31036.17       0.000000       0.000000       0.000000       0.000000
 31070.38       0.000000       0.000000       0.000000       0.000000
 31104.59       0.000000       0.000000       0.000000       0.000000
 31138.81       0.000000       0.000000       0.000000       0.000000
 31173.02       0.000000       0.000000       0.000000       0.000000
 31207.23       0.000000       0.000000       0.000000       0.000000
 31241.45       0.000000       0.000000       0.000000       0.000000
 31275.66       0.000000       0.000000       0.000000       0.000000
 31309.87       0.000000       0.000000       0.000000       0.000000
 31344.09       0.000000       0.000000       0.000000       0.000000
 31378.30       0.000000       0.000000       0.000000       0.000000
 31412.51       0.000000       0.000000       0.000000       0.000000
 31446.73       0.000000       0.000000       0.000000       0.000000
 31480.94       0.000000       0.000000       0.000000       0.000000
 31515.15       0.000000       0.000000       0.000000       0.000000
 31549.36       0.000000       0.000000       0.000000       0.000000
 31583.58       0.000000       0.000000       0.000000       0.000000
 31617.79       0.000000       0.000000       0.000000       0.000000
 31652.00       0.000000       0.000000       0.000000       0.000000
 31686.22       0.000000       0.000000       0.000000       0.000000
 31720.43       0.000000       0.000000       0.000000       0.000000
 31754.64       0.000000       0.000000       0.000000       0.000000
 31788.86       0.000000       0.000000       0.000000       0.000000
 31823.07       0.000000       0.000000       0.000000       0.000000
 31857.28       0.000000       0.000000       0.000000       0.000000
 31891.50       0.000000       0.000000       0.000000       0.000000
 31925.71       0.000000       0.000000       0.000000       0.000000
 31959.92       0.000000       0.000000       0.000000       0.000000
 31994.13       0.000000       0.000000       0.000000       0.000000
 32028.35       0.000000       0.000000       0.000000       0.000000
 32062.56       0.000000       0.000000       0.000000       0.000000
 32096.77       0.000000       0.000000       0.000000       0.000000
 32130.99       0.000000       0.000000       0.000000       0.000000
 32165.20       0.000000       0.000000       0.000000       0.000000
 32199.41       0.000000       0.000000       0.000000       0.000000
 32233.63       0.000000       0.000000       0.000000       0.000000
 32267.84       0.000000       0.000000       0.000000       0.000000
 32302.05       0.000000       0.000000       0.000000       0.000000
 32336.27       0.000000       0.000000       0.000000       0.000000
 32370.48       0.000000       0.000000       0.000000       0.000000
 32404.69       0.000000       0.000000       0.000000       0.000000
 32438.91       0.000000       0.000000       0.000000       0.000000
 32473.12       0.000000       0.000000       0.000000       0.000000
 32507.33       0.000000       0.000000       0.000000       0.000000
 32541.54       0.000000       0.000000       0.000000       0.000000
 32575.76       0.000000       0.000000       0.000000       0.000000
 32609.97       0.000000       0.000000       0.000000       0.000000
 32644.18       0.000000       0.000000       0.000000       0.000000
 32678.40       0.000000       0.000000       0.000000       0.000000
 32712.61       0.000000       0.000000       0.000000       0.000000
 32746.82       0.000000       0.000000       0.000000       0.000000
 32781.04       0.000000       0.000000       0.000000       0.000000
 32815.25       0.000000       0.000000       0.000000       0.000000
 32849.46       0.000000       0.000000       0.000000       0.000000
 32883.68       0.000000       0.000000       0.000000       0.000000
 32917.89       0.000000       0.000000       0.000000       0.000000
 32952.10       0.000000       0.000000       0.000000       0.000000
 32986.31       0.000000       0.000000       0.000000       0.000000
 33020.53       0.000000       0.000000       0.000000       0.000000
 33054.74       0.000000       0.000000       0.000000       0.000000
 33088.95       0.000000       0.000000       0.000000       0.000000
 33123.17       0.000000       0.000000       0.000000       0.000000
 33157.38       0.000000       0.000000       0.000000       0.000000
 33191.59       0.000000       0.000000       0.000000       0.000000
 33225.81       0.000000       0.000000       0.000000       0.000000
 33260.02       0.000000       0.000000       0.000000       0.000000
 33294.23       0.000000       0.000000       0.000000       0.000000
 33328.45       0.000000       0.000000       0.000000       0.000000
 33362.66       0.000000       0.000000       0.000000       0.000000
 33396.87       0.000000       0.000000       0.000000       0.000000
 33431.09       0.000000       0.000000       0.000000       0.000000
 33465.30       0.000000       0.000000       0.000000       0.000000
 33499.51       0.000000       0.000000       0.000000       0.000000
 33533.72       0.000000       0.000000       0.000000       0.000000
 33567.94       0.000000       0.000000       0.000000       0.000000
 33602.15       0.000000       0.000000       0.000000       0.000000
 33636.36       0.000000       0.000000       0.000000       0.000000
 33670.58       0.000000       0.000000       0.000000       0.000000
 33704.79       0.000000       0.000000       0.000000       0.000000
 33739.00       0.000000       0.000000       0.000000       0.000000
 33773.22       0.000000       0.000000       0.000000       0.000000
 33807.43       0.000000       0.000000       0.000000       0.000000
 33841.64       0.000000       0.000000       0.000000       0.000000
 33875.86       0.000000       0.000000       0.000000       0.000000
 33910.07       0.000000       0.000000       0.000000       0.000000
 33944.28       0.000000       0.000000       0.000000       0.000000
 33978.49       0.000000       0.000000       0.000000       0.000000
 34012.71       0.000000       0.000000       0.000000       0.000000
 34046.92       0.000000       0.000000       0.000000       0.000000
 34081.13       0.000000       0.000000       0.000000       0.000000
 34115.35       0.000000       0.000000       0.000000       0.000000
 34149.56       0.000000       0.000000       0.000000       0.000000
 34183.77       0.000000       0.000000       0.000000       0.000000
 34217.99       0.000000       0.000000       0.000000       0.000000
 34252.20       0.000000       0.000000       0.000000       0.000000
 34286.41       0.000000       0.000000       0.000000       0.000000
 34320.63       0.000000       0.000000       0.000000       0.000000
 34354.84       0.000000       0.000000       0.000000       0.000000
 34389.05       0.000000       0.000000       0.000000       0.000000
 34423.26       0.000000       0.000000       0.000000       0.000000
 34457.48       0.000000       0.000000       0.000000       0.000000
 34491.69       0.000000       0.000000       0.000000       0.000000
 34525.90       0.000000       0.000000       0.000000       0.000000
 34560.12       0.000000       0.000000       0.000000       0.000000
 34594.33       0.000000       0.000000       0.000000       0.000000
 34628.54       0.000000       0.000000       0.000000       0.000000
 34662.76       0.000000       0.000000       0.000000       0.000000
 34696.97       0.000000       0.000000       0.000000       0.000000
 34731.18       0.000000       0.000000       0.000000       0.000000
 34765.40       0.000000       0.000000       0.000000       0.000000
 34799.61       0.000000       0.000000       0.000000       0.000000
 34833.82       0.000000       0.000000       0.000000       0.000000
 34868.04       0.000000       0.000000       0.000000       0.000000
 34902.25       0.000000       0.000000       0.000000       0.000000
 34936.46       0.000000       0.000000       0.000000       0.000000
 34970.67       0.000000       0.000000       0.000000       0.000000
 35004.89       0.000000       0.000000       0.000000       0.000000
 35039.10       0.000000       0.000000       0.000000       0.000000
 35073.31       0.000000       0.000000       0.000000       0.000000
 35107.53       0.000000       0.000000       0.000000       0.000000
 35141.74       0.000000       0.000000       0.000000       0.000000
 35175.95       0.000000       0.000000       0.000000       0.000000
 35210.17       0.000000       0.000000       0.000000       0.000000
 35244.38       0.000000       0.000000       0.000000       0.000000
 35278.59       0.000000       0.000000       0.000000       0.000000
 35312.81       0.000000       0.000000       0.000000       0.000000
 35347.02       0.000000       0.000000       0.000000       0.000000
 35381.23       0.000000       0.000000       0.000000       0.000000
 35415.44       0.000000       0.000000       0.000000       0.000000
 35449.66       0.000000       0.000000       0.000000       0.000000
 35483.87       0.000000       0.000000       0.000000       0.000000
 35518.08       0.000000       0.000000       0.000000       0.000000
 35552.30       0.000000       0.000000       0.000000       0.000000
 35586.51       0.000000       0.000000       0.000000       0.000000
 35620.72       0.000000       0.000000       0.000000       0.000000
 35654.94       0.000000       0.000000       0.000000       0.000000
 35689.15       0.000000       0.000000       0.000000       0.000000
 35723.36       0.000000       0.000000       0.000000       0.000000
 35757.58       0.000000       0.000000       0.000000       0.000000
 35791.79       0.000000       0.000000       0.000000       0.000000
 35826.00       0.000000       0.000000       0.000000       0.000000
 35860.22       0.000000       0.000000       0.000000       0.000000
 35894.43       0.000000       0.000000       0.000000       0.000000
 35928.64       0.000000       0.000000       0.000000       0.000000
 35962.85       0.000000       0.000000       0.000000       0.000000
 35997.07       0.000000       0.000000       0.000000       0.000000
 36031.28       0.000000       0.000000       0.000000       0.000000
 36065.49       0.000000       0.000000       0.000000       0.000000
 36099.71       0.000000       0.000000       0.000000       0.000000
 36133.92       0.000000       0.000000       0.000000       0.000000
 36168.13       0.000000       0.000000       0.000000       0.000000
 36202.35       0.000000       0.000000       0.000000       0.000000
 36236.56       0.000000       0.000000       0.000000       0.000000
 36270.77       0.000000       0.000000       0.000000       0.000000
 36304.99       0.000000       0.000000       0.000000       0.000000
 36339.20       0.000000       0.000000       0.000000       0.000000
 36373.41       0.000000       0.000000       0.000000       0.000000
 36407.62       0.000000       0.000000       0.000000       0.000000
 36441.84       0.000000       0.000000       0.000000       0.000000
 36476.05       0.000000       0.000000       0.000000       0.000000
 36510.26       0.000000       0.000000       0.000000       0.000000
 36544.48       0.000000       0.000000       0.000000       0.000000
 36578.69       0.000000       0.000000       0.000000       0.000000
 36612.90       0.000000       0.000000       0.000000       0.000000
 36647.12       0.000000       0.000000       0.000000       0.000000
 36681.33       0.000000       0.000000       0.000000       0.000000
 36715.54       0.000000       0.000000       0.000000       0.000000
 36749.76       0.000000       0.000000       0.000000       0.000000
 36783.97       0.000000       0.000000       0.000000       0.000000
 36818.18       0.000000       0.000000       0.000000       0.000000
 36852.39       0.000000       0.000000       0.000000       0.000000
 36886.61       0.000000       0.000000       0.000000       0.000000
 36920.82       0.000000       0.000000       0.000000       0.000000
 36955.03       0.000000       0.000000       0.000000       0.000000
 36989.25       0.000000       0.000000       0.000000       0.000000
 37023.46       0.000000       0.000000       0.000000       0.000000
 37057.67       0.000000       0.000000       0.000000       0.000000
 37091.89       0.000000       0.000000       0.000000       0.000000
 37126.10       0.000000       0.000000       0.000000       0.000000
 37160.31       0.000000       0.000000       0.000000       0.000000
 37194.53       0.000000       0.000000       0.000000       0.000000
 37228.74       0.000000       0.000000       0.000000       0.000000
 37262.95       0.000000       0.000000       0.000000       0.000000
 37297.17       0.000000       0.000000       0.000000       0.000000
 37331.38       0.000000       0.000000       0.000000       0.000000
 37365.59       0.000000       0.000000       0.000000       0.000000
 37399.80       0.000000       0.000000       0.000000       0.000000
 37434.02       0.000000       0.000000       0.000000       0.000000
 37468.23       0.000000       0.000000       0.000000       0.000000
 37502.44       0.000000       0.000000       0.000000       0.000000
 37536.66       0.000000       0.000000       0.000000       0.000000
 37570.87       0.000000       0.000000       0.000000       0.000000
 37605.08       0.000000       0.000000       0.000000       0.000000
 37639.30       0.000000       0.000000       0.000000       0.000000
 37673.51       0.000000       0.000000       0.000000       0.000000
 37707.72       0.000000       0.000000       0.000000       0.000000
 37741.94       0.000000       0.000000       0.000000       0.000000
 37776.15       0.000000       0.000000       0.000000       0.000000
 37810.36       0.000000       0.000000       0.000000       0.000000
 37844.57       0.000000       0.000000       0.000000       0.000000
 37878.79       0.000000       0.000000       0.000000       0.000000
 37913.00       0.000000       0.000000       0.000000       0.000000
 37947.21       0.000000       0.000000       0.000000       0.000000
 37981.43       0.000000       0.000000       0.000000       0.000000
 38015.64       0.000000       0.000000       0.000000       0.000000
 38049.85       0.000000       0.000000       0.000000       0.000000
 38084.07       0.000000       0.000000       0.000000       0.000000
 38118.28       0.000000       0.000000       0.000000       0.000000
 38152.49       0.000000       0.000000       0.000000       0.000000
 38186.71       0.000000       0.000000       0.000000       0.000000
 38220.92       0.000000       0.000000       0.000000       0.000000
 38255.13       0.000000       0.000000       0.000000       0.000000
 38289.35       0.000000       0.000000       0.000000       0.000000
 38323.56       0.000000       0.000000       0.000000       0.000000
 38357.77       0.000000       0.000000       0.000000       0.000000
 38391.98       0.000000       0.000000       0.000000       0.000000
 38426.20       0.000000       0.000000       0.000000       0.000000
 38460.41       0.000000       0.000000       0.000000       0.000000
 38494.62       0.000000       0.000000       0.000000       0.000000
 38528.84       0.000000       0.000000       0.000000       0.000000
 38563.05       0.000000       0.000000       0.000000       0.000000
 38597.26       0.000000       0.000000       0.000000       0.000000
 38631.48       0.000000       0.000000       0.000000       0.000000
 38665.69       0.000000       0.000000       0.000000       0.000000
 38699.90       0.000000       0.000000       0.000000       0.000000
 38734.12       0.000000       0.000000       0.000000       0.000000
 38768.33       0.000000       0.000000       0.000000       0.000000
 38802.54       0.000000       0.000000       0.000000       0.000000
 38836.75       0.000000       0.000000       0.000000       0.000000
 38870.97       0.000000       0.000000       0.000000       0.000000
 38905.18       0.000000       0.000000       0.000000       0.000000
 38939.39       0.000000       0.000000       0.000000       0.000000
 38973.61       0.000000       0.000000       0.000000       0.000000
 39007.82       0.000000       0.000000       0.000000       0.000000
 39042.03       0.000000       0.000000       0.000000       0.000000
 39076.25       0.000000       0.000000       0.000000       0.000000
 39110.46       0.000000       0.000000       0.000000       0.000000
 39144.67       0.000000       0.000000       0.000000       0.000000
 39178.89       0.000000       0.000000       0.000000       0.000000
 39213.10       0.000000       0.000000       0.000000       0.000000
 39247.31       0.000000       0.000000       0.000000       0.000000
 39281.52       0.000000       0.000000       0.000000       0.000000
 39315.74       0.000000       0.000000       0.000000       0.000000
 39349.95       0.000000       0.000000       0.000000       0.000000
 39384.16       0.000000       0.000000       0.000000       0.000000
 39418.38       0.000000       0.000000       0.000000       0.000000
 39452.59       0.000000       0.000000       0.000000       0.000000
 39486.80       0.000000       0.000000       0.000000       0.000000
 39521.02       0.000000       0.000000       0.000000       0.000000
 39555.23       0.000000       0.000000       0.000000       0.000000
 39589.44       0.000000       0.000000       0.000000       0.000000
 39623.66       0.000000       0.000000       0.000000       0.000000
 39657.87       0.000000       0.000000       0.000000       0.000000
 39692.08       0.000000       0.000000       0.000000       0.000000
 39726.30       0.000000       0.000000       0.000000       0.000000
 39760.51       0.000000       0.000000       0.000000       0.000000
 39794.72       0.000000       0.000000       0.000000       0.000000
 39828.93       0.000000       0.000000       0.000000       0.000000
 39863.15       0.000000       0.000000       0.000000       0.000000
 39897.36       0.000000       0.000000       0.000000       0.000000
 39931.57       0.000000       0.000000       0.000000       0.000000
 39965.79       0.000000       0.000000       0.000000       0.000000
 40000.00       0.000000       0.000000       0.000000       0.000000
